onset	duration	lrdiff
0.00	0.04	0.00000000
0.04	0.04	-0.00000011
0.08	0.04	0.00002290
0.12	0.04	0.00002281
0.16	0.04	0.00025737
0.20	0.04	0.00039538
0.24	0.04	0.00072468
0.28	0.04	0.00103646
0.32	0.04	0.00092050
0.36	0.04	0.00083592
0.40	0.04	0.00143316
0.44	0.04	0.00136312
0.48	0.04	0.00102161
0.52	0.04	0.00071659
0.56	0.04	0.00112829
0.60	0.04	0.00093736
0.64	0.04	0.00185654
0.68	0.04	0.00214842
0.72	0.04	0.00077482
0.76	0.04	0.00037796
0.80	0.04	0.00087229
0.84	0.04	-0.00026340
0.88	0.04	0.00129986
0.92	0.04	0.00251144
0.96	0.04	0.00057070
1.00	0.04	-0.00104992
1.04	0.04	0.00050885
1.08	0.04	0.00286756
1.12	0.04	0.00234106
1.16	0.04	0.00250551
1.20	0.04	0.00091990
1.24	0.04	0.00040146
1.28	0.04	0.00133066
1.32	0.04	0.00241311
1.36	0.04	0.00033919
1.40	0.04	-0.00008496
1.44	0.04	0.00025945
1.48	0.04	-0.00053282
1.52	0.04	-0.00283268
1.56	0.04	-0.00097788
1.60	0.04	-0.00194023
1.64	0.04	0.00096225
1.68	0.04	0.00115793
1.72	0.04	0.00011717
1.76	0.04	0.00049628
1.80	0.04	0.00125199
1.84	0.04	0.00245717
1.88	0.04	0.00188188
1.92	0.04	0.00044955
1.96	0.04	0.00001819
2.00	0.04	0.00037315
2.04	0.04	0.00056976
2.08	0.04	-0.00386899
2.12	0.04	-0.00413751
2.16	0.04	-0.00187211
2.20	0.04	-0.00014489
2.24	0.04	0.00076930
2.28	0.04	-0.00011672
2.32	0.04	-0.00084495
2.36	0.04	-0.00087047
2.40	0.04	-0.00194707
2.44	0.04	0.00014031
2.48	0.04	0.00030710
2.52	0.04	-0.00061816
2.56	0.04	-0.00089443
2.60	0.04	-0.00136314
2.64	0.04	-0.00019809
2.68	0.04	0.00165951
2.72	0.04	0.00011750
2.76	0.04	-0.00018324
2.80	0.04	0.00225482
2.84	0.04	0.00262234
2.88	0.04	0.00102039
2.92	0.04	0.00024118
2.96	0.04	0.00155622
3.00	0.04	0.00295144
3.04	0.04	0.00003093
3.08	0.04	-0.00415104
3.12	0.04	-0.00435939
3.16	0.04	-0.00352261
3.20	0.04	-0.00207964
3.24	0.04	-0.00345140
3.28	0.04	-0.00234803
3.32	0.04	-0.00104753
3.36	0.04	0.00033264
3.40	0.04	0.00081609
3.44	0.04	-0.00006831
3.48	0.04	-0.00013521
3.52	0.04	0.00095862
3.56	0.04	0.00085131
3.60	0.04	-0.00057730
3.64	0.04	0.00049696
3.68	0.04	0.00021678
3.72	0.04	0.00059464
3.76	0.04	0.00038779
3.80	0.04	-0.00019011
3.84	0.04	0.00075815
3.88	0.04	0.00069433
3.92	0.04	0.00091151
3.96	0.04	0.00025904
4.00	0.04	-0.00026016
4.04	0.04	-0.00066481
4.08	0.04	0.00025211
4.12	0.04	0.00043341
4.16	0.04	0.00045746
4.20	0.04	0.00064673
4.24	0.04	-0.00063772
4.28	0.04	-0.00066105
4.32	0.04	-0.00131239
4.36	0.04	-0.00025126
4.40	0.04	0.00058041
4.44	0.04	-0.00022757
4.48	0.04	0.00002568
4.52	0.04	0.00053883
4.56	0.04	0.00116365
4.60	0.04	0.00136013
4.64	0.04	0.00142096
4.68	0.04	0.00062969
4.72	0.04	-0.00068386
4.76	0.04	0.00055491
4.80	0.04	-0.00030224
4.84	0.04	-0.00107503
4.88	0.04	-0.00021756
4.92	0.04	0.00018550
4.96	0.04	0.00162818
5.00	0.04	0.00067190
5.04	0.04	-0.00051697
5.08	0.04	-0.00123758
5.12	0.04	-0.00128130
5.16	0.04	-0.00018629
5.20	0.04	-0.00067474
5.24	0.04	-0.00160842
5.28	0.04	-0.00017553
5.32	0.04	-0.00044410
5.36	0.04	-0.00073888
5.40	0.04	-0.00012526
5.44	0.04	0.00056097
5.48	0.04	0.00028141
5.52	0.04	-0.00027850
5.56	0.04	-0.00002222
5.60	0.04	0.00037224
5.64	0.04	0.00101142
5.68	0.04	0.00157554
5.72	0.04	0.00087364
5.76	0.04	-0.00074200
5.80	0.04	-0.00138701
5.84	0.04	-0.00229797
5.88	0.04	-0.00106878
5.92	0.04	-0.00057244
5.96	0.04	-0.00018155
6.00	0.04	0.00020486
6.04	0.04	-0.00045960
6.08	0.04	-0.00045752
6.12	0.04	-0.00084608
6.16	0.04	-0.00090124
6.20	0.04	-0.00044298
6.24	0.04	-0.00018801
6.28	0.04	-0.00110833
6.32	0.04	0.00032793
6.36	0.04	-0.00028959
6.40	0.04	0.00003972
6.44	0.04	0.00043123
6.48	0.04	-0.00009584
6.52	0.04	-0.00024075
6.56	0.04	-0.00079393
6.60	0.04	0.00043978
6.64	0.04	0.00031748
6.68	0.04	-0.00031037
6.72	0.04	-0.00099192
6.76	0.04	-0.00132409
6.80	0.04	-0.00140017
6.84	0.04	-0.00001108
6.88	0.04	0.00005805
6.92	0.04	-0.00012185
6.96	0.04	0.00003366
7.00	0.04	0.00023250
7.04	0.04	-0.00086335
7.08	0.04	0.00016653
7.12	0.04	-0.00052492
7.16	0.04	-0.00020878
7.20	0.04	-0.00027787
7.24	0.04	-0.00013469
7.28	0.04	-0.00025402
7.32	0.04	-0.00007355
7.36	0.04	-0.00027793
7.40	0.04	-0.00124770
7.44	0.04	-0.00085821
7.48	0.04	-0.00122394
7.52	0.04	-0.00122721
7.56	0.04	-0.00061675
7.60	0.04	-0.00105526
7.64	0.04	-0.00146624
7.68	0.04	-0.00151244
7.72	0.04	-0.00139120
7.76	0.04	-0.00145932
7.80	0.04	-0.00130358
7.84	0.04	-0.00130225
7.88	0.04	-0.00105640
7.92	0.04	-0.00117566
7.96	0.04	-0.00135638
8.00	0.04	-0.00148130
8.04	0.04	-0.00169095
8.08	0.04	-0.00187785
8.12	0.04	-0.00088313
8.16	0.04	-0.00151927
8.20	0.04	-0.00157905
8.24	0.04	-0.00109075
8.28	0.04	-0.00088325
8.32	0.04	-0.00038245
8.36	0.04	-0.00024254
8.40	0.04	-0.00043474
8.44	0.04	-0.00096332
8.48	0.04	-0.00147749
8.52	0.04	-0.00124605
8.56	0.04	0.00051446
8.60	0.04	0.00097413
8.64	0.04	-0.00027327
8.68	0.04	-0.00058447
8.72	0.04	0.00239856
8.76	0.04	0.00002786
8.80	0.04	0.00071931
8.84	0.04	-0.00104931
8.88	0.04	-0.00047694
8.92	0.04	-0.00124972
8.96	0.04	-0.00098368
9.00	0.04	0.00000785
9.04	0.04	-0.00086214
9.08	0.04	-0.00112658
9.12	0.04	0.00052632
9.16	0.04	0.00473798
9.20	0.04	0.00512450
9.24	0.04	0.00212674
9.28	0.04	0.00302040
9.32	0.04	0.00419123
9.36	0.04	0.00243823
9.40	0.04	0.00318016
9.44	0.04	0.00590267
9.48	0.04	0.00866598
9.52	0.04	0.00832357
9.56	0.04	0.00993434
9.60	0.04	0.01103593
9.64	0.04	0.00985461
9.68	0.04	0.01060304
9.72	0.04	0.01142078
9.76	0.04	0.00898206
9.80	0.04	0.00735015
9.84	0.04	0.01054866
9.88	0.04	0.00737700
9.92	0.04	0.01413555
9.96	0.04	0.00443873
10.00	0.04	0.00332121
10.04	0.04	0.00346557
10.08	0.04	0.00283408
10.12	0.04	-0.00346988
10.16	0.04	-0.00236005
10.20	0.04	0.00530993
10.24	0.04	0.00625042
10.28	0.04	0.00201740
10.32	0.04	-0.00400884
10.36	0.04	-0.00034784
10.40	0.04	0.00399097
10.44	0.04	-0.00173294
10.48	0.04	0.00050718
10.52	0.04	-0.00022013
10.56	0.04	-0.00350877
10.60	0.04	-0.00252472
10.64	0.04	-0.00622961
10.68	0.04	-0.00485188
10.72	0.04	0.00209900
10.76	0.04	-0.00134168
10.80	0.04	-0.00100551
10.84	0.04	0.00201526
10.88	0.04	0.00287990
10.92	0.04	0.00799081
10.96	0.04	0.00596834
11.00	0.04	0.00333843
11.04	0.04	0.00601268
11.08	0.04	0.00275145
11.12	0.04	0.00291716
11.16	0.04	0.00359780
11.20	0.04	0.00473455
11.24	0.04	0.00738724
11.28	0.04	0.00476648
11.32	0.04	0.00296472
11.36	0.04	0.00589685
11.40	0.04	0.00527333
11.44	0.04	0.00910020
11.48	0.04	0.00616729
11.52	0.04	0.00189521
11.56	0.04	0.00188170
11.60	0.04	0.00256903
11.64	0.04	0.00579944
11.68	0.04	0.00770521
11.72	0.04	0.00664894
11.76	0.04	0.00598739
11.80	0.04	0.00435284
11.84	0.04	0.00442760
11.88	0.04	0.00070965
11.92	0.04	-0.00173412
11.96	0.04	0.00267774
12.00	0.04	0.00862895
12.04	0.04	0.00894623
12.08	0.04	0.00987149
12.12	0.04	0.00484897
12.16	0.04	-0.00371863
12.20	0.04	-0.00360891
12.24	0.04	0.00312765
12.28	0.04	0.00393803
12.32	0.04	0.00066984
12.36	0.04	0.00801244
12.40	0.04	0.00563856
12.44	0.04	0.00385562
12.48	0.04	0.00892761
12.52	0.04	0.00788965
12.56	0.04	0.00571954
12.60	0.04	-0.00012175
12.64	0.04	-0.00187109
12.68	0.04	-0.00236349
12.72	0.04	-0.00022965
12.76	0.04	-0.00283266
12.80	0.04	0.00135001
12.84	0.04	-0.00184321
12.88	0.04	-0.00278948
12.92	0.04	0.00286210
12.96	0.04	0.00246872
13.00	0.04	0.00172793
13.04	0.04	0.00233811
13.08	0.04	0.00323051
13.12	0.04	-0.00053583
13.16	0.04	-0.00145569
13.20	0.04	0.00073593
13.24	0.04	0.00313827
13.28	0.04	0.00248370
13.32	0.04	0.00022944
13.36	0.04	-0.00224680
13.40	0.04	0.00051048
13.44	0.04	0.00045114
13.48	0.04	0.00297674
13.52	0.04	0.00143319
13.56	0.04	-0.00589449
13.60	0.04	0.00001133
13.64	0.04	0.00164224
13.68	0.04	0.00380647
13.72	0.04	0.00441248
13.76	0.04	0.01266962
13.80	0.04	0.01246852
13.84	0.04	0.00916693
13.88	0.04	-0.00039464
13.92	0.04	0.00106555
13.96	0.04	0.00090537
14.00	0.04	0.00004707
14.04	0.04	0.00824574
14.08	0.04	0.00562131
14.12	0.04	0.00291401
14.16	0.04	-0.00682143
14.20	0.04	0.00452374
14.24	0.04	0.00564395
14.28	0.04	0.00566910
14.32	0.04	0.00149562
14.36	0.04	0.00085502
14.40	0.04	0.00391504
14.44	0.04	-0.00082997
14.48	0.04	-0.00230266
14.52	0.04	0.00131542
14.56	0.04	-0.00419598
14.60	0.04	-0.00300142
14.64	0.04	-0.00427616
14.68	0.04	-0.00246615
14.72	0.04	-0.00155861
14.76	0.04	0.00379348
14.80	0.04	-0.00047992
14.84	0.04	-0.00023638
14.88	0.04	0.00308432
14.92	0.04	0.00111980
14.96	0.04	-0.00159938
15.00	0.04	0.00279126
15.04	0.04	0.00062457
15.08	0.04	0.00281150
15.12	0.04	-0.00309753
15.16	0.04	-0.00199558
15.20	0.04	0.00744659
15.24	0.04	-0.00138328
15.28	0.04	0.00319844
15.32	0.04	0.00148316
15.36	0.04	0.00005426
15.40	0.04	0.00358730
15.44	0.04	0.00462549
15.48	0.04	0.00301447
15.52	0.04	0.00670633
15.56	0.04	0.00856236
15.60	0.04	0.01074950
15.64	0.04	0.00548653
15.68	0.04	0.00560648
15.72	0.04	0.00493670
15.76	0.04	0.00211203
15.80	0.04	0.00167621
15.84	0.04	0.00626056
15.88	0.04	0.00119125
15.92	0.04	0.00262106
15.96	0.04	0.00247694
16.00	0.04	0.00577378
16.04	0.04	0.00286051
16.08	0.04	0.00022764
16.12	0.04	0.00332223
16.16	0.04	0.00568862
16.20	0.04	0.00147539
16.24	0.04	-0.00373580
16.28	0.04	-0.00329232
16.32	0.04	0.00409976
16.36	0.04	-0.00095059
16.40	0.04	0.00288912
16.44	0.04	0.00223751
16.48	0.04	0.00114230
16.52	0.04	0.00206709
16.56	0.04	-0.00088907
16.60	0.04	0.00063117
16.64	0.04	0.00250559
16.68	0.04	-0.00195154
16.72	0.04	-0.00008893
16.76	0.04	0.00261225
16.80	0.04	0.00952264
16.84	0.04	0.00520135
16.88	0.04	0.00540535
16.92	0.04	0.00409006
16.96	0.04	0.00603688
17.00	0.04	0.00728219
17.04	0.04	0.00088971
17.08	0.04	-0.00228288
17.12	0.04	-0.00590163
17.16	0.04	-0.00146833
17.20	0.04	-0.00018626
17.24	0.04	-0.00318139
17.28	0.04	0.00484509
17.32	0.04	-0.00043069
17.36	0.04	-0.00359042
17.40	0.04	-0.00021904
17.44	0.04	-0.00541870
17.48	0.04	0.00422472
17.52	0.04	0.00285235
17.56	0.04	-0.00003505
17.60	0.04	-0.00374077
17.64	0.04	-0.00016450
17.68	0.04	-0.00233911
17.72	0.04	-0.00007703
17.76	0.04	0.00145556
17.80	0.04	-0.00503195
17.84	0.04	-0.00081982
17.88	0.04	0.00326142
17.92	0.04	0.00993804
17.96	0.04	-0.00146307
18.00	0.04	-0.00119849
18.04	0.04	0.00219601
18.08	0.04	0.00130632
18.12	0.04	-0.00314657
18.16	0.04	-0.00177417
18.20	0.04	-0.00110392
18.24	0.04	-0.00022357
18.28	0.04	-0.00087029
18.32	0.04	-0.00044707
18.36	0.04	0.00291963
18.40	0.04	0.00212766
18.44	0.04	0.00133787
18.48	0.04	0.00026147
18.52	0.04	0.00235711
18.56	0.04	-0.00017779
18.60	0.04	0.00016756
18.64	0.04	0.00032096
18.68	0.04	0.00181534
18.72	0.04	0.00165088
18.76	0.04	0.00117263
18.80	0.04	0.00061009
18.84	0.04	0.00089081
18.88	0.04	-0.00025747
18.92	0.04	-0.00090754
18.96	0.04	0.00031578
19.00	0.04	0.00005937
19.04	0.04	0.00113644
19.08	0.04	0.00059840
19.12	0.04	0.00167973
19.16	0.04	0.00163254
19.20	0.04	0.00461705
19.24	0.04	-0.00048581
19.28	0.04	0.00176064
19.32	0.04	0.00459771
19.36	0.04	0.00609867
19.40	0.04	0.00172207
19.44	0.04	0.00070424
19.48	0.04	0.00231084
19.52	0.04	-0.00147881
19.56	0.04	0.00006554
19.60	0.04	-0.00184883
19.64	0.04	-0.00162773
19.68	0.04	-0.00041327
19.72	0.04	-0.00479123
19.76	0.04	-0.01254323
19.80	0.04	-0.00756160
19.84	0.04	-0.00106011
19.88	0.04	0.00620246
19.92	0.04	-0.00399795
19.96	0.04	-0.00742193
20.00	0.04	0.00230669
20.04	0.04	-0.00347452
20.08	0.04	-0.00494344
20.12	0.04	-0.00860398
20.16	0.04	0.00518571
20.20	0.04	-0.00005608
20.24	0.04	-0.00017808
20.28	0.04	-0.00263944
20.32	0.04	-0.00560503
20.36	0.04	-0.00522862
20.40	0.04	-0.00543356
20.44	0.04	-0.00106301
20.48	0.04	0.00067544
20.52	0.04	-0.00444697
20.56	0.04	-0.00197428
20.60	0.04	0.00802306
20.64	0.04	0.00312329
20.68	0.04	0.00717701
20.72	0.04	-0.00198762
20.76	0.04	-0.00432830
20.80	0.04	0.00196542
20.84	0.04	0.00759690
20.88	0.04	-0.00155905
20.92	0.04	0.00735022
20.96	0.04	0.00847057
21.00	0.04	0.00055602
21.04	0.04	0.00913552
21.08	0.04	0.00710560
21.12	0.04	0.00069710
21.16	0.04	0.00077754
21.20	0.04	0.00573270
21.24	0.04	0.01168886
21.28	0.04	0.00321231
21.32	0.04	-0.00696538
21.36	0.04	-0.00677355
21.40	0.04	0.00353143
21.44	0.04	0.01020368
21.48	0.04	0.00832200
21.52	0.04	0.00719940
21.56	0.04	0.00774095
21.60	0.04	0.00447210
21.64	0.04	-0.00033606
21.68	0.04	0.00131076
21.72	0.04	0.00076647
21.76	0.04	0.00390636
21.80	0.04	0.00616215
21.84	0.04	0.00686069
21.88	0.04	0.00311168
21.92	0.04	-0.00003353
21.96	0.04	0.00429862
22.00	0.04	0.00398859
22.04	0.04	0.00022563
22.08	0.04	0.00393115
22.12	0.04	0.00232793
22.16	0.04	0.00094107
22.20	0.04	0.00012165
22.24	0.04	0.00191925
22.28	0.04	0.00299553
22.32	0.04	0.00133307
22.36	0.04	0.00072216
22.40	0.04	0.00407283
22.44	0.04	-0.00022611
22.48	0.04	-0.00310269
22.52	0.04	0.00373073
22.56	0.04	0.00000809
22.60	0.04	-0.00057454
22.64	0.04	0.00712439
22.68	0.04	-0.00324440
22.72	0.04	0.00159447
22.76	0.04	-0.00136782
22.80	0.04	-0.00556587
22.84	0.04	-0.00374488
22.88	0.04	-0.00008759
22.92	0.04	0.00305708
22.96	0.04	0.00195857
23.00	0.04	-0.00369340
23.04	0.04	-0.00122405
23.08	0.04	0.00180563
23.12	0.04	0.00143384
23.16	0.04	-0.00352802
23.20	0.04	-0.00335335
23.24	0.04	0.00310970
23.28	0.04	0.00218246
23.32	0.04	-0.00495329
23.36	0.04	-0.00520074
23.40	0.04	-0.00289275
23.44	0.04	-0.00145550
23.48	0.04	-0.00862381
23.52	0.04	-0.01216965
23.56	0.04	-0.00801088
23.60	0.04	-0.00352461
23.64	0.04	-0.00737785
23.68	0.04	-0.01996024
23.72	0.04	-0.02817495
23.76	0.04	-0.03047143
23.80	0.04	-0.03292152
23.84	0.04	-0.03146878
23.88	0.04	-0.01665630
23.92	0.04	-0.00579354
23.96	0.04	-0.01592897
24.00	0.04	-0.01445357
24.04	0.04	-0.00990338
24.08	0.04	-0.00220669
24.12	0.04	0.00194002
24.16	0.04	-0.00340038
24.20	0.04	-0.00151633
24.24	0.04	0.00319579
24.28	0.04	-0.00257104
24.32	0.04	0.00279287
24.36	0.04	0.00046194
24.40	0.04	-0.00879201
24.44	0.04	-0.00804688
24.48	0.04	-0.00487308
24.52	0.04	0.00365351
24.56	0.04	0.00628569
24.60	0.04	-0.00051007
24.64	0.04	-0.00560300
24.68	0.04	-0.00965053
24.72	0.04	-0.01250605
24.76	0.04	-0.00493717
24.80	0.04	0.00204661
24.84	0.04	0.00041828
24.88	0.04	-0.00779237
24.92	0.04	-0.01150405
24.96	0.04	-0.00985561
25.00	0.04	-0.00337597
25.04	0.04	-0.00586222
25.08	0.04	-0.00607057
25.12	0.04	-0.00355630
25.16	0.04	0.00320479
25.20	0.04	0.00142137
25.24	0.04	0.00229611
25.28	0.04	0.00157865
25.32	0.04	0.00229922
25.36	0.04	0.00291096
25.40	0.04	0.00377909
25.44	0.04	0.00389905
25.48	0.04	0.00454813
25.52	0.04	0.00073955
25.56	0.04	0.00325773
25.60	0.04	0.00152774
25.64	0.04	-0.00168551
25.68	0.04	-0.00177526
25.72	0.04	0.00128770
25.76	0.04	0.00169354
25.80	0.04	0.00218429
25.84	0.04	0.00124886
25.88	0.04	0.00312384
25.92	0.04	0.00202274
25.96	0.04	0.00212606
26.00	0.04	-0.00074813
26.04	0.04	0.00230623
26.08	0.04	0.00554173
26.12	0.04	0.00291344
26.16	0.04	0.00171484
26.20	0.04	0.00113506
26.24	0.04	0.00161817
26.28	0.04	-0.00111190
26.32	0.04	-0.00350227
26.36	0.04	-0.00276817
26.40	0.04	-0.00224092
26.44	0.04	0.00277160
26.48	0.04	0.00295976
26.52	0.04	-0.00068971
26.56	0.04	-0.00156354
26.60	0.04	0.00048201
26.64	0.04	0.00559312
26.68	0.04	0.00271251
26.72	0.04	-0.00102307
26.76	0.04	0.00371293
26.80	0.04	0.00271507
26.84	0.04	0.00104017
26.88	0.04	0.00390011
26.92	0.04	0.00087199
26.96	0.04	-0.00166195
27.00	0.04	-0.00070550
27.04	0.04	-0.00194358
27.08	0.04	-0.00372468
27.12	0.04	0.00183368
27.16	0.04	0.00173402
27.20	0.04	-0.00230503
27.24	0.04	0.00075046
27.28	0.04	0.00376679
27.32	0.04	0.00199063
27.36	0.04	0.00086324
27.40	0.04	0.00012560
27.44	0.04	0.00186727
27.48	0.04	0.00295638
27.52	0.04	0.00337666
27.56	0.04	0.00705674
27.60	0.04	0.00573982
27.64	0.04	0.00674016
27.68	0.04	0.00669786
27.72	0.04	0.00557997
27.76	0.04	0.00512473
27.80	0.04	0.00314497
27.84	0.04	0.00349639
27.88	0.04	0.00042811
27.92	0.04	-0.00013166
27.96	0.04	-0.00229955
28.00	0.04	-0.00052106
28.04	0.04	0.00204162
28.08	0.04	0.00348455
28.12	0.04	0.00331982
28.16	0.04	0.00446144
28.20	0.04	0.00188671
28.24	0.04	0.00581616
28.28	0.04	0.01018326
28.32	0.04	0.00924130
28.36	0.04	0.00514225
28.40	0.04	0.00263262
28.44	0.04	-0.00056112
28.48	0.04	0.00050538
28.52	0.04	-0.00233382
28.56	0.04	-0.00110971
28.60	0.04	0.00011575
28.64	0.04	0.00104421
28.68	0.04	-0.00145421
28.72	0.04	-0.00234200
28.76	0.04	-0.00266727
28.80	0.04	-0.00075412
28.84	0.04	-0.00134559
28.88	0.04	-0.00082175
28.92	0.04	-0.00107420
28.96	0.04	0.00228026
29.00	0.04	-0.00165641
29.04	0.04	-0.00347780
29.08	0.04	-0.00194600
29.12	0.04	-0.00186945
29.16	0.04	-0.00140140
29.20	0.04	-0.00283782
29.24	0.04	-0.00407761
29.28	0.04	-0.00081674
29.32	0.04	-0.00026648
29.36	0.04	-0.00065284
29.40	0.04	0.00056076
29.44	0.04	0.00099649
29.48	0.04	-0.00146021
29.52	0.04	-0.00135144
29.56	0.04	0.00088982
29.60	0.04	0.00019913
29.64	0.04	0.00035166
29.68	0.04	-0.00036030
29.72	0.04	-0.00024395
29.76	0.04	0.00070718
29.80	0.04	0.00109207
29.84	0.04	0.00048681
29.88	0.04	-0.00027699
29.92	0.04	-0.00000452
29.96	0.04	-0.00010585
30.00	0.04	-0.00007391
30.04	0.04	-0.00066217
30.08	0.04	-0.00050692
30.12	0.04	-0.00075779
30.16	0.04	-0.00066756
30.20	0.04	-0.00074014
30.24	0.04	-0.00057758
30.28	0.04	-0.00017087
30.32	0.04	0.00003348
30.36	0.04	-0.00027962
30.40	0.04	0.00040667
30.44	0.04	-0.00012213
30.48	0.04	0.00027738
30.52	0.04	-0.00019594
30.56	0.04	0.00011558
30.60	0.04	0.00103172
30.64	0.04	0.00061713
30.68	0.04	0.00000173
30.72	0.04	-0.00053446
30.76	0.04	0.00023117
30.80	0.04	0.00037771
30.84	0.04	0.00103699
30.88	0.04	0.00091527
30.92	0.04	0.00083555
30.96	0.04	0.00063137
31.00	0.04	0.00017667
31.04	0.04	0.00018130
31.08	0.04	-0.00035118
31.12	0.04	0.00076118
31.16	0.04	0.00037662
31.20	0.04	0.00027285
31.24	0.04	0.00034057
31.28	0.04	0.00104006
31.32	0.04	0.00198723
31.36	0.04	0.00148739
31.40	0.04	0.00162094
31.44	0.04	0.00130408
31.48	0.04	0.00110219
31.52	0.04	0.00063948
31.56	0.04	0.00012506
31.60	0.04	0.00103537
31.64	0.04	0.00100767
31.68	0.04	0.00036543
31.72	0.04	0.00017021
31.76	0.04	0.00068004
31.80	0.04	0.00069656
31.84	0.04	0.00039802
31.88	0.04	0.00056004
31.92	0.04	0.00079771
31.96	0.04	0.00022608
32.00	0.04	0.00004388
32.04	0.04	0.00031913
32.08	0.04	0.00056702
32.12	0.04	0.00014755
32.16	0.04	0.00034792
32.20	0.04	0.00012473
32.24	0.04	0.00036584
32.28	0.04	0.00040948
32.32	0.04	0.00012798
32.36	0.04	0.00001830
32.40	0.04	0.00075689
32.44	0.04	0.00066509
32.48	0.04	0.00033698
32.52	0.04	0.00013434
32.56	0.04	0.00054216
32.60	0.04	0.00049892
32.64	0.04	0.00002283
32.68	0.04	0.00002638
32.72	0.04	0.00046960
32.76	0.04	0.00068410
32.80	0.04	0.00060450
32.84	0.04	0.00068014
32.88	0.04	0.00139595
32.92	0.04	0.00113614
32.96	0.04	0.00091058
33.00	0.04	0.00008731
33.04	0.04	-0.00054754
33.08	0.04	-0.00064421
33.12	0.04	-0.00018405
33.16	0.04	-0.00060086
33.20	0.04	-0.00004404
33.24	0.04	0.00018676
33.28	0.04	0.00043277
33.32	0.04	0.00090724
33.36	0.04	0.00131033
33.40	0.04	0.00179568
33.44	0.04	0.00211523
33.48	0.04	0.00284407
33.52	0.04	0.00136490
33.56	0.04	0.00155912
33.60	0.04	0.00127336
33.64	0.04	0.00075212
33.68	0.04	0.00056112
33.72	0.04	0.00029135
33.76	0.04	-0.00003689
33.80	0.04	-0.00001572
33.84	0.04	-0.00012371
33.88	0.04	0.00023170
33.92	0.04	-0.00016580
33.96	0.04	-0.00026911
34.00	0.04	-0.00116438
34.04	0.04	-0.00031095
34.08	0.04	-0.00001588
34.12	0.04	0.00168990
34.16	0.04	0.00316608
34.20	0.04	0.00233385
34.24	0.04	0.00305802
34.28	0.04	0.00158310
34.32	0.04	0.00175935
34.36	0.04	0.00139297
34.40	0.04	0.00133771
34.44	0.04	0.00186091
34.48	0.04	0.00207531
34.52	0.04	0.00215475
34.56	0.04	0.00210770
34.60	0.04	0.00197810
34.64	0.04	0.00086459
34.68	0.04	0.00110556
34.72	0.04	0.00115634
34.76	0.04	0.00103659
34.80	0.04	0.00098433
34.84	0.04	0.00050194
34.88	0.04	0.00008814
34.92	0.04	0.00053033
34.96	0.04	0.00071504
35.00	0.04	0.00080958
35.04	0.04	0.00147339
35.08	0.04	0.00200605
35.12	0.04	0.00244232
35.16	0.04	0.00171170
35.20	0.04	0.00133084
35.24	0.04	0.00099977
35.28	0.04	0.00064216
35.32	0.04	0.00108772
35.36	0.04	0.00186528
35.40	0.04	0.00122298
35.44	0.04	0.00089445
35.48	0.04	0.00036972
35.52	0.04	-0.00028215
35.56	0.04	0.00021233
35.60	0.04	0.00025504
35.64	0.04	0.00146832
35.68	0.04	0.00146893
35.72	0.04	0.00185616
35.76	0.04	0.00325816
35.80	0.04	0.00472417
35.84	0.04	0.00614693
35.88	0.04	0.00541948
35.92	0.04	0.00553981
35.96	0.04	0.00436209
36.00	0.04	0.00317250
36.04	0.04	0.00170394
36.08	0.04	0.00083399
36.12	0.04	0.00041017
36.16	0.04	0.00150117
36.20	0.04	0.00204486
36.24	0.04	0.00103861
36.28	0.04	0.00149830
36.32	0.04	0.00064508
36.36	0.04	0.00102703
36.40	0.04	0.00195484
36.44	0.04	0.00009463
36.48	0.04	0.00175728
36.52	0.04	0.00123313
36.56	0.04	0.00147226
36.60	0.04	0.00262875
36.64	0.04	0.00360238
36.68	0.04	0.00320563
36.72	0.04	0.00227571
36.76	0.04	0.00162130
36.80	0.04	0.00114315
36.84	0.04	0.00147175
36.88	0.04	0.00128911
36.92	0.04	0.00229091
36.96	0.04	0.00062288
37.00	0.04	0.00060166
37.04	0.04	0.00137503
37.08	0.04	0.00096022
37.12	0.04	0.00128372
37.16	0.04	0.00087292
37.20	0.04	0.00073888
37.24	0.04	0.00040210
37.28	0.04	0.00084940
37.32	0.04	0.00137670
37.36	0.04	0.00193290
37.40	0.04	0.00230341
37.44	0.04	0.00205600
37.48	0.04	0.00373027
37.52	0.04	0.00272499
37.56	0.04	0.00301944
37.60	0.04	0.00268645
37.64	0.04	0.00294337
37.68	0.04	0.00304826
37.72	0.04	0.00270558
37.76	0.04	0.00324380
37.80	0.04	0.00204541
37.84	0.04	0.00185091
37.88	0.04	0.00142897
37.92	0.04	0.00245399
37.96	0.04	0.00288581
38.00	0.04	0.00279551
38.04	0.04	0.00236788
38.08	0.04	0.00277919
38.12	0.04	0.00383653
38.16	0.04	0.00240754
38.20	0.04	0.00048775
38.24	0.04	0.00033154
38.28	0.04	0.00040365
38.32	0.04	0.00026159
38.36	0.04	-0.00035096
38.40	0.04	-0.00058386
38.44	0.04	0.00007091
38.48	0.04	0.00000141
38.52	0.04	0.00008208
38.56	0.04	0.00029722
38.60	0.04	-0.00022523
38.64	0.04	0.00116446
38.68	0.04	0.00002447
38.72	0.04	0.00039923
38.76	0.04	0.00082584
38.80	0.04	0.00018850
38.84	0.04	0.00028204
38.88	0.04	0.00128229
38.92	0.04	-0.00036494
38.96	0.04	0.00081976
39.00	0.04	0.00040164
39.04	0.04	0.00049100
39.08	0.04	0.00141279
39.12	0.04	0.00005040
39.16	0.04	0.00023776
39.20	0.04	0.00026031
39.24	0.04	0.00045175
39.28	0.04	0.00031246
39.32	0.04	0.00024038
39.36	0.04	0.00068909
39.40	0.04	0.00042950
39.44	0.04	0.00058318
39.48	0.04	0.00046709
39.52	0.04	0.00052603
39.56	0.04	0.00075092
39.60	0.04	0.00114853
39.64	0.04	0.00132941
39.68	0.04	0.00079131
39.72	0.04	0.00105073
39.76	0.04	0.00089187
39.80	0.04	0.00042928
39.84	0.04	0.00037797
39.88	0.04	0.00116737
39.92	0.04	0.00095277
39.96	0.04	0.00142444
40.00	0.04	0.00094580
40.04	0.04	0.00098161
40.08	0.04	0.00065648
40.12	0.04	0.00032625
40.16	0.04	0.00084778
40.20	0.04	0.00097667
40.24	0.04	0.00132832
40.28	0.04	-0.00079727
40.32	0.04	0.00004153
40.36	0.04	0.00012605
40.40	0.04	-0.00025325
40.44	0.04	0.00136370
40.48	0.04	0.00072829
40.52	0.04	-0.00002199
40.56	0.04	-0.00029192
40.60	0.04	-0.00007313
40.64	0.04	0.00026316
40.68	0.04	-0.00010935
40.72	0.04	0.00014811
40.76	0.04	0.00008667
40.80	0.04	0.00004472
40.84	0.04	-0.00017940
40.88	0.04	-0.00064937
40.92	0.04	0.00034739
40.96	0.04	-0.00014669
41.00	0.04	0.00036326
41.04	0.04	-0.00041584
41.08	0.04	0.00019567
41.12	0.04	-0.00008648
41.16	0.04	0.00024736
41.20	0.04	0.00000916
41.24	0.04	0.00030879
41.28	0.04	0.00003156
41.32	0.04	-0.00045784
41.36	0.04	0.00073297
41.40	0.04	0.00011759
41.44	0.04	-0.00036712
41.48	0.04	-0.00033250
41.52	0.04	-0.00002352
41.56	0.04	-0.00017028
41.60	0.04	0.00097268
41.64	0.04	0.00064007
41.68	0.04	-0.00022610
41.72	0.04	0.00059699
41.76	0.04	0.00013268
41.80	0.04	0.00021803
41.84	0.04	-0.00008030
41.88	0.04	0.00001781
41.92	0.04	-0.00074181
41.96	0.04	-0.00157640
42.00	0.04	-0.00148586
42.04	0.04	-0.00036647
42.08	0.04	0.00011118
42.12	0.04	-0.00274816
42.16	0.04	-0.00450820
42.20	0.04	-0.00142801
42.24	0.04	-0.00332030
42.28	0.04	-0.00437237
42.32	0.04	-0.00514065
42.36	0.04	-0.00570105
42.40	0.04	-0.00458878
42.44	0.04	0.00034768
42.48	0.04	-0.00421845
42.52	0.04	-0.00174828
42.56	0.04	-0.00044029
42.60	0.04	-0.00497142
42.64	0.04	-0.00617990
42.68	0.04	-0.00392511
42.72	0.04	-0.00295691
42.76	0.04	-0.00272048
42.80	0.04	-0.00121964
42.84	0.04	-0.00059755
42.88	0.04	-0.00015190
42.92	0.04	0.00229828
42.96	0.04	0.00265842
43.00	0.04	0.00403766
43.04	0.04	0.00308565
43.08	0.04	0.00066664
43.12	0.04	0.00118223
43.16	0.04	0.00298249
43.20	0.04	0.00157456
43.24	0.04	0.00162591
43.28	0.04	0.00110382
43.32	0.04	0.00187433
43.36	0.04	0.00373299
43.40	0.04	0.00179902
43.44	0.04	0.00174976
43.48	0.04	0.00401596
43.52	0.04	0.00328629
43.56	0.04	0.00310065
43.60	0.04	0.00430242
43.64	0.04	0.00289121
43.68	0.04	0.00068231
43.72	0.04	0.00177252
43.76	0.04	0.00252801
43.80	0.04	0.00240321
43.84	0.04	0.00088461
43.88	0.04	0.00149392
43.92	0.04	0.00057878
43.96	0.04	-0.00015776
44.00	0.04	0.00036768
44.04	0.04	0.00004630
44.08	0.04	-0.00102632
44.12	0.04	-0.00071219
44.16	0.04	-0.00017610
44.20	0.04	0.00095417
44.24	0.04	0.00133912
44.28	0.04	0.00197262
44.32	0.04	0.00171187
44.36	0.04	0.00040674
44.40	0.04	-0.00041519
44.44	0.04	0.00029726
44.48	0.04	-0.00101594
44.52	0.04	-0.00185378
44.56	0.04	0.00073483
44.60	0.04	0.00240949
44.64	0.04	0.00201609
44.68	0.04	0.00187726
44.72	0.04	0.00107616
44.76	0.04	0.00161566
44.80	0.04	0.00123863
44.84	0.04	0.00019698
44.88	0.04	-0.00168699
44.92	0.04	-0.00249455
44.96	0.04	-0.00155514
45.00	0.04	-0.00069052
45.04	0.04	-0.00099410
45.08	0.04	-0.00016513
45.12	0.04	-0.00139711
45.16	0.04	-0.00050581
45.20	0.04	0.00069997
45.24	0.04	0.00278942
45.28	0.04	0.00348835
45.32	0.04	0.00218019
45.36	0.04	0.00328877
45.40	0.04	0.00439418
45.44	0.04	0.00399126
45.48	0.04	0.00307429
45.52	0.04	0.00254129
45.56	0.04	0.00111160
45.60	0.04	-0.00019590
45.64	0.04	-0.00031373
45.68	0.04	-0.00086556
45.72	0.04	-0.00022049
45.76	0.04	0.00001553
45.80	0.04	0.00112335
45.84	0.04	0.00051890
45.88	0.04	-0.00024561
45.92	0.04	0.00103523
45.96	0.04	0.00053729
46.00	0.04	-0.00092905
46.04	0.04	-0.00046347
46.08	0.04	-0.00007204
46.12	0.04	0.00049592
46.16	0.04	0.00115967
46.20	0.04	0.00070843
46.24	0.04	0.00000284
46.28	0.04	-0.00038889
46.32	0.04	0.00111031
46.36	0.04	0.00097471
46.40	0.04	0.00086606
46.44	0.04	0.00099497
46.48	0.04	0.00088456
46.52	0.04	0.00136249
46.56	0.04	0.00136590
46.60	0.04	0.00162257
46.64	0.04	0.00155003
46.68	0.04	0.00083682
46.72	0.04	0.00071655
46.76	0.04	0.00120819
46.80	0.04	0.00202245
46.84	0.04	0.00268339
46.88	0.04	0.00324557
46.92	0.04	0.00407164
46.96	0.04	0.00469634
47.00	0.04	0.00461510
47.04	0.04	0.00290375
47.08	0.04	0.00133885
47.12	0.04	0.00163624
47.16	0.04	0.00137903
47.20	0.04	0.00093579
47.24	0.04	0.00163510
47.28	0.04	0.00152940
47.32	0.04	0.00127354
47.36	0.04	0.00197111
47.40	0.04	0.00132282
47.44	0.04	0.00059363
47.48	0.04	0.00210267
47.52	0.04	0.00184567
47.56	0.04	0.00143577
47.60	0.04	0.00108498
47.64	0.04	0.00221477
47.68	0.04	0.00360560
47.72	0.04	0.00279636
47.76	0.04	0.00507765
47.80	0.04	0.00615891
47.84	0.04	0.00542613
47.88	0.04	0.00441448
47.92	0.04	0.00330700
47.96	0.04	0.00171693
48.00	0.04	0.00124045
48.04	0.04	0.00078431
48.08	0.04	0.00075729
48.12	0.04	0.00107037
48.16	0.04	0.00077552
48.20	0.04	0.00106572
48.24	0.04	0.00103934
48.28	0.04	0.00070914
48.32	0.04	0.00153187
48.36	0.04	0.00121437
48.40	0.04	0.00120149
48.44	0.04	0.00177252
48.48	0.04	0.00252211
48.52	0.04	0.00233377
48.56	0.04	0.00200963
48.60	0.04	0.00275227
48.64	0.04	0.00335326
48.68	0.04	0.00548014
48.72	0.04	0.00819566
48.76	0.04	0.01042817
48.80	0.04	0.01024868
48.84	0.04	0.00903987
48.88	0.04	0.00734373
48.92	0.04	0.00551664
48.96	0.04	0.00723436
49.00	0.04	0.01197329
49.04	0.04	0.00935640
49.08	0.04	0.00631847
49.12	0.04	0.01103009
49.16	0.04	0.01462730
49.20	0.04	0.00951111
49.24	0.04	0.00458779
49.28	0.04	0.00359201
49.32	0.04	0.00428717
49.36	0.04	0.00404191
49.40	0.04	0.00657396
49.44	0.04	0.00855249
49.48	0.04	0.00812997
49.52	0.04	0.00973292
49.56	0.04	0.01039540
49.60	0.04	0.00993070
49.64	0.04	0.00891067
49.68	0.04	0.00768643
49.72	0.04	0.00651687
49.76	0.04	0.00487076
49.80	0.04	0.00137472
49.84	0.04	0.00081379
49.88	0.04	0.00215747
49.92	0.04	0.00221370
49.96	0.04	0.00127197
50.00	0.04	0.00126961
50.04	0.04	0.00014033
50.08	0.04	-0.00075324
50.12	0.04	-0.00000961
50.16	0.04	0.00185189
50.20	0.04	0.00232061
50.24	0.04	0.00528167
50.28	0.04	0.00193299
50.32	0.04	0.00259024
50.36	0.04	0.00021710
50.40	0.04	0.00190713
50.44	0.04	0.00339362
50.48	0.04	0.00435928
50.52	0.04	0.00531054
50.56	0.04	0.00614497
50.60	0.04	0.00802433
50.64	0.04	0.00488451
50.68	0.04	0.00433935
50.72	0.04	0.00356836
50.76	0.04	0.00490995
50.80	0.04	0.00437834
50.84	0.04	0.00382704
50.88	0.04	0.00248481
50.92	0.04	0.00368041
50.96	0.04	0.00366700
51.00	0.04	0.00281259
51.04	0.04	0.00418306
51.08	0.04	0.00421887
51.12	0.04	0.00412757
51.16	0.04	0.00369617
51.20	0.04	0.00329431
51.24	0.04	0.00216618
51.28	0.04	0.00260962
51.32	0.04	0.00362982
51.36	0.04	0.00248801
51.40	0.04	0.00226360
51.44	0.04	0.00201331
51.48	0.04	0.00198466
51.52	0.04	0.00124313
51.56	0.04	0.00065582
51.60	0.04	0.00038944
51.64	0.04	-0.00032337
51.68	0.04	-0.00039955
51.72	0.04	0.00143907
51.76	0.04	0.00218318
51.80	0.04	0.00386943
51.84	0.04	0.00380944
51.88	0.04	0.00085511
51.92	0.04	-0.00030387
51.96	0.04	-0.00001199
52.00	0.04	-0.00043144
52.04	0.04	-0.00068615
52.08	0.04	-0.00030397
52.12	0.04	-0.00097375
52.16	0.04	-0.00084872
52.20	0.04	-0.00072361
52.24	0.04	-0.00155181
52.28	0.04	-0.00042958
52.32	0.04	-0.00015143
52.36	0.04	-0.00023048
52.40	0.04	-0.00067811
52.44	0.04	0.00019909
52.48	0.04	0.00108495
52.52	0.04	0.00100031
52.56	0.04	0.00045133
52.60	0.04	0.00102217
52.64	0.04	0.00128667
52.68	0.04	0.00151551
52.72	0.04	0.00118168
52.76	0.04	0.00097989
52.80	0.04	0.00050693
52.84	0.04	0.00056108
52.88	0.04	0.00025359
52.92	0.04	-0.00017505
52.96	0.04	0.00029306
53.00	0.04	-0.00006675
53.04	0.04	-0.00001285
53.08	0.04	0.00017556
53.12	0.04	0.00003672
53.16	0.04	-0.00000700
53.20	0.04	-0.00030941
53.24	0.04	-0.00001744
53.28	0.04	-0.00011270
53.32	0.04	-0.00020322
53.36	0.04	-0.00089971
53.40	0.04	-0.00075226
53.44	0.04	-0.00028142
53.48	0.04	-0.00045910
53.52	0.04	0.00023350
53.56	0.04	0.00156829
53.60	0.04	0.00317995
53.64	0.04	0.00235126
53.68	0.04	-0.00023792
53.72	0.04	-0.00179843
53.76	0.04	-0.00097438
53.80	0.04	0.00061133
53.84	0.04	0.00083875
53.88	0.04	0.00055528
53.92	0.04	-0.00134504
53.96	0.04	-0.00054588
54.00	0.04	0.00036017
54.04	0.04	0.00066540
54.08	0.04	0.00065912
54.12	0.04	0.00114032
54.16	0.04	-0.00210214
54.20	0.04	-0.00052789
54.24	0.04	0.00105522
54.28	0.04	-0.00014793
54.32	0.04	-0.00067953
54.36	0.04	-0.00000416
54.40	0.04	-0.00075397
54.44	0.04	-0.00136755
54.48	0.04	-0.00072176
54.52	0.04	0.00011084
54.56	0.04	0.00107740
54.60	0.04	0.00206312
54.64	0.04	0.00269155
54.68	0.04	0.00195785
54.72	0.04	0.00118922
54.76	0.04	0.00044564
54.80	0.04	-0.00015824
54.84	0.04	-0.00070525
54.88	0.04	-0.00101897
54.92	0.04	-0.00079719
54.96	0.04	0.00054450
55.00	0.04	0.00158484
55.04	0.04	0.00047598
55.08	0.04	-0.00040029
55.12	0.04	-0.00027152
55.16	0.04	-0.00071100
55.20	0.04	-0.00065475
55.24	0.04	-0.00079844
55.28	0.04	-0.00106095
55.32	0.04	-0.00059467
55.36	0.04	-0.00063019
55.40	0.04	0.00038602
55.44	0.04	0.00092846
55.48	0.04	-0.00036890
55.52	0.04	-0.00122343
55.56	0.04	-0.00098385
55.60	0.04	-0.00097068
55.64	0.04	-0.00137383
55.68	0.04	-0.00170241
55.72	0.04	-0.00150915
55.76	0.04	-0.00176096
55.80	0.04	-0.00170439
55.84	0.04	-0.00080579
55.88	0.04	-0.00117966
55.92	0.04	0.00019384
55.96	0.04	-0.00028909
56.00	0.04	-0.00165328
56.04	0.04	0.00073989
56.08	0.04	0.00202387
56.12	0.04	0.00207305
56.16	0.04	0.00046650
56.20	0.04	0.00055414
56.24	0.04	-0.00096150
56.28	0.04	-0.00305961
56.32	0.04	-0.00271526
56.36	0.04	-0.00001631
56.40	0.04	-0.00031685
56.44	0.04	-0.00064121
56.48	0.04	-0.00173395
56.52	0.04	-0.00042414
56.56	0.04	-0.00274963
56.60	0.04	-0.00125236
56.64	0.04	0.00091935
56.68	0.04	0.00055157
56.72	0.04	-0.00044013
56.76	0.04	0.00089366
56.80	0.04	0.00132728
56.84	0.04	0.00080359
56.88	0.04	0.00046291
56.92	0.04	0.00204340
56.96	0.04	0.00086511
57.00	0.04	0.00124826
57.04	0.04	0.00131268
57.08	0.04	-0.00085956
57.12	0.04	-0.00061050
57.16	0.04	-0.00049265
57.20	0.04	0.00108236
57.24	0.04	0.00162993
57.28	0.04	0.00303543
57.32	0.04	0.00299706
57.36	0.04	0.00224072
57.40	0.04	0.00230958
57.44	0.04	0.00201101
57.48	0.04	0.00216893
57.52	0.04	0.00161696
57.56	0.04	0.00053913
57.60	0.04	-0.00032769
57.64	0.04	-0.00032183
57.68	0.04	0.00037001
57.72	0.04	-0.00063671
57.76	0.04	-0.00153354
57.80	0.04	-0.00236845
57.84	0.04	-0.00085093
57.88	0.04	-0.00056069
57.92	0.04	0.00061778
57.96	0.04	0.00079404
58.00	0.04	0.00132056
58.04	0.04	0.00015053
58.08	0.04	-0.00120413
58.12	0.04	-0.00131413
58.16	0.04	-0.00003133
58.20	0.04	0.00035751
58.24	0.04	-0.00143110
58.28	0.04	0.00003276
58.32	0.04	0.00125488
58.36	0.04	0.00151874
58.40	0.04	0.00170471
58.44	0.04	0.00130424
58.48	0.04	0.00168519
58.52	0.04	0.00053047
58.56	0.04	0.00036159
58.60	0.04	-0.00034826
58.64	0.04	0.00011850
58.68	0.04	0.00100179
58.72	0.04	0.00077722
58.76	0.04	0.00017368
58.80	0.04	0.00132043
58.84	0.04	0.00036772
58.88	0.04	0.00028078
58.92	0.04	0.00028910
58.96	0.04	0.00016926
59.00	0.04	-0.00063043
59.04	0.04	-0.00025284
59.08	0.04	0.00003775
59.12	0.04	0.00044249
59.16	0.04	-0.00001637
59.20	0.04	-0.00026054
59.24	0.04	-0.00081324
59.28	0.04	0.00044714
59.32	0.04	0.00070097
59.36	0.04	0.00067425
59.40	0.04	0.00033782
59.44	0.04	0.00112590
59.48	0.04	0.00136259
59.52	0.04	0.00175086
59.56	0.04	0.00157496
59.60	0.04	0.00100226
59.64	0.04	0.00087629
59.68	0.04	0.00076841
59.72	0.04	0.00085179
59.76	0.04	0.00109881
59.80	0.04	0.00140269
59.84	0.04	0.00086650
59.88	0.04	0.00047413
59.92	0.04	0.00035430
59.96	0.04	-0.00025370
60.00	0.04	-0.00034691
60.04	0.04	-0.00019597
60.08	0.04	0.00014146
60.12	0.04	0.00085561
60.16	0.04	0.00062861
60.20	0.04	0.00012231
60.24	0.04	0.00035919
60.28	0.04	0.00071378
60.32	0.04	0.00041173
60.36	0.04	-0.00000211
60.40	0.04	-0.00037409
60.44	0.04	0.00088106
60.48	0.04	-0.00062726
60.52	0.04	-0.00063835
60.56	0.04	0.00046395
60.60	0.04	0.00094989
60.64	0.04	0.00060724
60.68	0.04	-0.00033896
60.72	0.04	-0.00073940
60.76	0.04	0.00030570
60.80	0.04	-0.00050222
60.84	0.04	-0.00177806
60.88	0.04	-0.00108775
60.92	0.04	0.00035303
60.96	0.04	0.00204740
61.00	0.04	0.00240649
61.04	0.04	0.00166143
61.08	0.04	0.00028775
61.12	0.04	0.00026533
61.16	0.04	0.00031391
61.20	0.04	-0.00039609
61.24	0.04	0.00037090
61.28	0.04	0.00082563
61.32	0.04	0.00111233
61.36	0.04	0.00121030
61.40	0.04	-0.00089618
61.44	0.04	-0.00084376
61.48	0.04	-0.00091351
61.52	0.04	-0.00068801
61.56	0.04	0.00011822
61.60	0.04	0.00064256
61.64	0.04	-0.00093209
61.68	0.04	0.00045029
61.72	0.04	0.00143191
61.76	0.04	0.00191644
61.80	0.04	0.00110260
61.84	0.04	0.00175678
61.88	0.04	0.00006740
61.92	0.04	-0.00312739
61.96	0.04	-0.00235733
62.00	0.04	-0.00030425
62.04	0.04	0.00046122
62.08	0.04	0.00135109
62.12	0.04	0.00117610
62.16	0.04	0.00226493
62.20	0.04	0.00147669
62.24	0.04	0.00106921
62.28	0.04	0.00238905
62.32	0.04	-0.00014971
62.36	0.04	0.00288362
62.40	0.04	0.00138213
62.44	0.04	0.00049321
62.48	0.04	-0.00126278
62.52	0.04	0.00305983
62.56	0.04	0.00135314
62.60	0.04	0.00259869
62.64	0.04	0.00466068
62.68	0.04	0.00392087
62.72	0.04	0.00027751
62.76	0.04	-0.00170428
62.80	0.04	0.00123069
62.84	0.04	0.00713276
62.88	0.04	0.00013035
62.92	0.04	0.00226004
62.96	0.04	-0.00132101
63.00	0.04	0.00124873
63.04	0.04	0.00069605
63.08	0.04	-0.00040988
63.12	0.04	0.00024019
63.16	0.04	-0.00193638
63.20	0.04	0.00472296
63.24	0.04	0.00671502
63.28	0.04	0.00579718
63.32	0.04	0.00904750
63.36	0.04	0.00860023
63.40	0.04	0.00807505
63.44	0.04	0.00450870
63.48	0.04	0.00652205
63.52	0.04	0.00732819
63.56	0.04	0.01085761
63.60	0.04	0.00798799
63.64	0.04	0.00200977
63.68	0.04	0.00083266
63.72	0.04	0.00403160
63.76	0.04	0.00560565
63.80	0.04	0.00478581
63.84	0.04	0.00817308
63.88	0.04	0.00327683
63.92	0.04	-0.00266882
63.96	0.04	0.00671932
64.00	0.04	0.01420545
64.04	0.04	0.00879114
64.08	0.04	-0.00330448
64.12	0.04	0.00721078
64.16	0.04	0.00094680
64.20	0.04	0.00202193
64.24	0.04	-0.00168694
64.28	0.04	0.00694554
64.32	0.04	0.00433296
64.36	0.04	-0.00107118
64.40	0.04	-0.00344611
64.44	0.04	0.00129109
64.48	0.04	0.00293738
64.52	0.04	0.01109218
64.56	0.04	0.00836304
64.60	0.04	0.00842501
64.64	0.04	0.00327441
64.68	0.04	0.00537330
64.72	0.04	0.00334567
64.76	0.04	0.00049558
64.80	0.04	0.00147244
64.84	0.04	0.00632618
64.88	0.04	0.00562104
64.92	0.04	0.00341344
64.96	0.04	0.00089915
65.00	0.04	-0.00077467
65.04	0.04	0.00500822
65.08	0.04	-0.00001215
65.12	0.04	0.00512900
65.16	0.04	-0.00479091
65.20	0.04	-0.00001741
65.24	0.04	0.00028380
65.28	0.04	-0.00593074
65.32	0.04	-0.00175658
65.36	0.04	0.00444957
65.40	0.04	0.00344572
65.44	0.04	-0.00106375
65.48	0.04	-0.00054133
65.52	0.04	0.00254633
65.56	0.04	-0.00101899
65.60	0.04	-0.00814739
65.64	0.04	-0.00597808
65.68	0.04	-0.00688460
65.72	0.04	-0.00529991
65.76	0.04	-0.00305896
65.80	0.04	-0.00186947
65.84	0.04	-0.00414990
65.88	0.04	-0.00588765
65.92	0.04	-0.00308619
65.96	0.04	-0.00119728
66.00	0.04	-0.00200277
66.04	0.04	-0.00270944
66.08	0.04	-0.00438566
66.12	0.04	-0.00557382
66.16	0.04	-0.00478725
66.20	0.04	-0.00200099
66.24	0.04	0.00193613
66.28	0.04	-0.00068557
66.32	0.04	-0.00300129
66.36	0.04	0.00324143
66.40	0.04	0.00765508
66.44	0.04	0.00292428
66.48	0.04	0.00090103
66.52	0.04	0.00352143
66.56	0.04	0.00359264
66.60	0.04	0.00011587
66.64	0.04	-0.00110716
66.68	0.04	0.00246982
66.72	0.04	0.00111713
66.76	0.04	-0.00142060
66.80	0.04	0.00183013
66.84	0.04	-0.00156380
66.88	0.04	-0.00086706
66.92	0.04	-0.00197103
66.96	0.04	0.00169122
67.00	0.04	0.00375574
67.04	0.04	-0.00341763
67.08	0.04	-0.00344422
67.12	0.04	-0.00278652
67.16	0.04	-0.00268853
67.20	0.04	-0.00158386
67.24	0.04	0.00011201
67.28	0.04	-0.00453507
67.32	0.04	-0.00239703
67.36	0.04	-0.00377244
67.40	0.04	-0.00036507
67.44	0.04	0.00089731
67.48	0.04	0.00180002
67.52	0.04	-0.00185500
67.56	0.04	-0.00149869
67.60	0.04	-0.00221556
67.64	0.04	-0.00099588
67.68	0.04	0.00018702
67.72	0.04	-0.00072921
67.76	0.04	-0.00117207
67.80	0.04	0.00020255
67.84	0.04	-0.00090902
67.88	0.04	-0.00302964
67.92	0.04	-0.00111702
67.96	0.04	0.00084654
68.00	0.04	-0.00129059
68.04	0.04	-0.00193987
68.08	0.04	-0.00324674
68.12	0.04	-0.00122019
68.16	0.04	-0.00182442
68.20	0.04	-0.00132846
68.24	0.04	-0.00066720
68.28	0.04	-0.00126022
68.32	0.04	-0.00037862
68.36	0.04	-0.00020657
68.40	0.04	0.00056262
68.44	0.04	0.00043578
68.48	0.04	-0.00053947
68.52	0.04	-0.00078820
68.56	0.04	-0.00051080
68.60	0.04	-0.00011994
68.64	0.04	-0.00015647
68.68	0.04	0.00000190
68.72	0.04	0.00100122
68.76	0.04	-0.00030093
68.80	0.04	0.00027657
68.84	0.04	0.00002874
68.88	0.04	-0.00032412
68.92	0.04	-0.00055460
68.96	0.04	-0.00162622
69.00	0.04	-0.00008356
69.04	0.04	-0.00052505
69.08	0.04	-0.00107808
69.12	0.04	0.00014819
69.16	0.04	0.00065820
69.20	0.04	-0.00074101
69.24	0.04	-0.00130151
69.28	0.04	-0.00168112
69.32	0.04	-0.00152613
69.36	0.04	-0.00096827
69.40	0.04	-0.00064425
69.44	0.04	-0.00025750
69.48	0.04	0.00054525
69.52	0.04	0.00066379
69.56	0.04	-0.00079004
69.60	0.04	-0.00143033
69.64	0.04	-0.00045140
69.68	0.04	-0.00039380
69.72	0.04	-0.00012867
69.76	0.04	-0.00004045
69.80	0.04	0.00111538
69.84	0.04	0.00088249
69.88	0.04	-0.00074547
69.92	0.04	-0.00095858
69.96	0.04	-0.00072837
70.00	0.04	-0.00062819
70.04	0.04	-0.00116969
70.08	0.04	-0.00080581
70.12	0.04	-0.00043766
70.16	0.04	-0.00118217
70.20	0.04	-0.00113878
70.24	0.04	-0.00096390
70.28	0.04	-0.00084157
70.32	0.04	-0.00083765
70.36	0.04	-0.00070365
70.40	0.04	-0.00009597
70.44	0.04	-0.00012988
70.48	0.04	-0.00046450
70.52	0.04	0.00026405
70.56	0.04	0.00065310
70.60	0.04	0.00053296
70.64	0.04	-0.00031705
70.68	0.04	-0.00063862
70.72	0.04	-0.00092552
70.76	0.04	-0.00030170
70.80	0.04	-0.00017104
70.84	0.04	-0.00003704
70.88	0.04	-0.00008431
70.92	0.04	-0.00005905
70.96	0.04	-0.00004487
71.00	0.04	0.00005324
71.04	0.04	-0.00006736
71.08	0.04	-0.00009385
71.12	0.04	-0.00004411
71.16	0.04	-0.00025484
71.20	0.04	-0.00011692
71.24	0.04	0.00000256
71.28	0.04	0.00007472
71.32	0.04	0.00012313
71.36	0.04	-0.00007330
71.40	0.04	-0.00000066
71.44	0.04	0.00007063
71.48	0.04	-0.00017000
71.52	0.04	-0.00009517
71.56	0.04	-0.00012671
71.60	0.04	-0.00001171
71.64	0.04	-0.00009716
71.68	0.04	-0.00001078
71.72	0.04	-0.00014624
71.76	0.04	0.00011061
71.80	0.04	0.00065130
71.84	0.04	0.00101984
71.88	0.04	0.00060814
71.92	0.04	0.00044600
71.96	0.04	-0.00003701
72.00	0.04	-0.00025243
72.04	0.04	0.00008686
72.08	0.04	0.00047903
72.12	0.04	0.00036126
72.16	0.04	0.00025702
72.20	0.04	0.00005965
72.24	0.04	0.00016569
72.28	0.04	0.00035092
72.32	0.04	0.00024457
72.36	0.04	-0.00001447
72.40	0.04	0.00001987
72.44	0.04	-0.00026925
72.48	0.04	-0.00016260
72.52	0.04	0.00022153
72.56	0.04	0.00018128
72.60	0.04	0.00055469
72.64	0.04	0.00028591
72.68	0.04	0.00038480
72.72	0.04	-0.00000312
72.76	0.04	-0.00012454
72.80	0.04	-0.00041456
72.84	0.04	-0.00040461
72.88	0.04	-0.00000989
72.92	0.04	0.00007259
72.96	0.04	0.00003141
73.00	0.04	0.00003090
73.04	0.04	0.00001088
73.08	0.04	0.00001691
73.12	0.04	-0.00000445
73.16	0.04	-0.00004236
73.20	0.04	-0.00000200
73.24	0.04	0.00004223
73.28	0.04	-0.00002411
73.32	0.04	-0.00000252
73.36	0.04	0.00000170
73.40	0.04	-0.00009766
73.44	0.04	-0.00002303
73.48	0.04	-0.00005252
73.52	0.04	0.00006454
73.56	0.04	0.00004317
73.60	0.04	0.00000664
73.64	0.04	0.00003326
73.68	0.04	-0.00006153
73.72	0.04	-0.00006651
73.76	0.04	-0.00012015
73.80	0.04	0.00015220
73.84	0.04	-0.00010936
73.88	0.04	-0.00036115
73.92	0.04	-0.00032731
73.96	0.04	-0.00042382
74.00	0.04	-0.00006439
74.04	0.04	-0.00004765
74.08	0.04	0.00003857
74.12	0.04	0.00009522
74.16	0.04	-0.00004485
74.20	0.04	-0.00004698
74.24	0.04	-0.00021469
74.28	0.04	-0.00009324
74.32	0.04	-0.00006391
74.36	0.04	0.00003763
74.40	0.04	0.00016319
74.44	0.04	0.00021012
74.48	0.04	-0.00011074
74.52	0.04	0.00008911
74.56	0.04	-0.00008036
74.60	0.04	0.00013880
74.64	0.04	0.00003778
74.68	0.04	0.00025846
74.72	0.04	-0.00022565
74.76	0.04	-0.00063978
74.80	0.04	-0.00021313
74.84	0.04	0.00007046
74.88	0.04	-0.00004093
74.92	0.04	-0.00007869
74.96	0.04	0.00014977
75.00	0.04	0.00041906
75.04	0.04	0.00049417
75.08	0.04	-0.00008149
75.12	0.04	0.00054481
75.16	0.04	0.00053549
75.20	0.04	0.00010739
75.24	0.04	-0.00037892
75.28	0.04	-0.00026975
75.32	0.04	-0.00000833
75.36	0.04	-0.00016350
75.40	0.04	-0.00015159
75.44	0.04	0.00001735
75.48	0.04	-0.00065581
75.52	0.04	-0.00021711
75.56	0.04	-0.00011638
75.60	0.04	-0.00018227
75.64	0.04	-0.00010126
75.68	0.04	0.00003640
75.72	0.04	-0.00008260
75.76	0.04	-0.00033854
75.80	0.04	-0.00018621
75.84	0.04	-0.00000078
75.88	0.04	-0.00017452
75.92	0.04	-0.00016811
75.96	0.04	-0.00008504
76.00	0.04	-0.00016330
76.04	0.04	-0.00020423
76.08	0.04	0.00018780
76.12	0.04	0.00037576
76.16	0.04	-0.00010179
76.20	0.04	0.00013050
76.24	0.04	-0.00053700
76.28	0.04	-0.00187010
76.32	0.04	-0.00101616
76.36	0.04	0.00060935
76.40	0.04	0.00023448
76.44	0.04	-0.00257943
76.48	0.04	-0.00165665
76.52	0.04	-0.00043313
76.56	0.04	-0.00224151
76.60	0.04	-0.00015655
76.64	0.04	0.00078357
76.68	0.04	0.00285989
76.72	0.04	-0.00194825
76.76	0.04	-0.00537342
76.80	0.04	-0.00332113
76.84	0.04	-0.00139127
76.88	0.04	0.00184041
76.92	0.04	-0.00095831
76.96	0.04	-0.00380010
77.00	0.04	-0.00608589
77.04	0.04	-0.00576232
77.08	0.04	-0.00487423
77.12	0.04	-0.00542761
77.16	0.04	-0.00341722
77.20	0.04	0.00351045
77.24	0.04	-0.00622719
77.28	0.04	-0.00250887
77.32	0.04	-0.00629041
77.36	0.04	-0.00669901
77.40	0.04	0.00117362
77.44	0.04	-0.00253507
77.48	0.04	-0.00270025
77.52	0.04	-0.01114238
77.56	0.04	-0.00490588
77.60	0.04	0.00037631
77.64	0.04	-0.00850089
77.68	0.04	-0.00680021
77.72	0.04	-0.00311595
77.76	0.04	-0.00556938
77.80	0.04	-0.00441282
77.84	0.04	0.00258451
77.88	0.04	-0.00414037
77.92	0.04	-0.00644454
77.96	0.04	-0.00766680
78.00	0.04	-0.00285021
78.04	0.04	-0.00003807
78.08	0.04	-0.00617453
78.12	0.04	-0.00768071
78.16	0.04	-0.00708800
78.20	0.04	-0.00014145
78.24	0.04	-0.00264337
78.28	0.04	0.00398995
78.32	0.04	0.00149526
78.36	0.04	-0.00795155
78.40	0.04	-0.01083934
78.44	0.04	-0.01468114
78.48	0.04	-0.01505445
78.52	0.04	-0.00814864
78.56	0.04	-0.00744299
78.60	0.04	-0.00483229
78.64	0.04	0.00431088
78.68	0.04	0.01380076
78.72	0.04	0.01120797
78.76	0.04	0.01289355
78.80	0.04	0.00364323
78.84	0.04	0.00332897
78.88	0.04	0.00730247
78.92	0.04	0.00371527
78.96	0.04	-0.00162844
79.00	0.04	0.00582505
79.04	0.04	0.00964259
79.08	0.04	-0.00117340
79.12	0.04	-0.00148195
79.16	0.04	-0.00190426
79.20	0.04	0.00380697
79.24	0.04	0.01164858
79.28	0.04	0.00761149
79.32	0.04	0.00870533
79.36	0.04	0.02227625
79.40	0.04	0.01848111
79.44	0.04	0.01101268
79.48	0.04	0.00539370
79.52	0.04	0.02034416
79.56	0.04	0.01432577
79.60	0.04	0.00891944
79.64	0.04	0.01050523
79.68	0.04	0.00306758
79.72	0.04	0.00328235
79.76	0.04	0.00012715
79.80	0.04	0.00640769
79.84	0.04	0.01076752
79.88	0.04	0.00882861
79.92	0.04	0.00953411
79.96	0.04	-0.00193283
80.00	0.04	-0.00366553
80.04	0.04	-0.01186543
80.08	0.04	-0.01262631
80.12	0.04	-0.01072886
80.16	0.04	-0.00841008
80.20	0.04	-0.00216296
80.24	0.04	-0.00568316
80.28	0.04	-0.00645768
80.32	0.04	-0.01210859
80.36	0.04	-0.01856770
80.40	0.04	-0.01880491
80.44	0.04	-0.01629900
80.48	0.04	-0.01520078
80.52	0.04	-0.01613397
80.56	0.04	-0.01981359
80.60	0.04	-0.01182218
80.64	0.04	0.00083664
80.68	0.04	0.01139179
80.72	0.04	0.01870370
80.76	0.04	0.00848841
80.80	0.04	0.01238461
80.84	0.04	0.01706245
80.88	0.04	0.01748305
80.92	0.04	0.01741396
80.96	0.04	0.02056966
81.00	0.04	0.02445396
81.04	0.04	0.01129694
81.08	0.04	-0.00761601
81.12	0.04	-0.00265226
81.16	0.04	0.01174020
81.20	0.04	0.01298878
81.24	0.04	0.00731992
81.28	0.04	0.00943259
81.32	0.04	0.00648425
81.36	0.04	0.00458493
81.40	0.04	0.00118354
81.44	0.04	0.00663889
81.48	0.04	0.00330186
81.52	0.04	0.00783233
81.56	0.04	0.00526465
81.60	0.04	0.00442561
81.64	0.04	0.00607596
81.68	0.04	0.01013284
81.72	0.04	0.00943820
81.76	0.04	0.01706098
81.80	0.04	0.01997595
81.84	0.04	0.01479951
81.88	0.04	0.00977201
81.92	0.04	0.01119765
81.96	0.04	0.01866459
82.00	0.04	0.01411617
82.04	0.04	0.01341331
82.08	0.04	0.01828156
82.12	0.04	0.01926261
82.16	0.04	0.01150846
82.20	0.04	0.01360036
82.24	0.04	0.01445420
82.28	0.04	0.01383503
82.32	0.04	0.00868534
82.36	0.04	0.00505068
82.40	0.04	0.00841706
82.44	0.04	0.01038448
82.48	0.04	0.01738887
82.52	0.04	0.00737078
82.56	0.04	0.00810822
82.60	0.04	0.00726768
82.64	0.04	0.00497417
82.68	0.04	0.01443772
82.72	0.04	0.01747979
82.76	0.04	0.01162812
82.80	0.04	0.00447223
82.84	0.04	0.00515786
82.88	0.04	0.00886193
82.92	0.04	0.01633023
82.96	0.04	0.01090821
83.00	0.04	0.01179105
83.04	0.04	0.01377455
83.08	0.04	0.01463074
83.12	0.04	0.01083986
83.16	0.04	0.00828271
83.20	0.04	0.00566100
83.24	0.04	0.00597019
83.28	0.04	0.00800574
83.32	0.04	0.01801033
83.36	0.04	0.02127015
83.40	0.04	0.01656340
83.44	0.04	0.01265943
83.48	0.04	0.01446657
83.52	0.04	0.01834596
83.56	0.04	0.01639719
83.60	0.04	0.01545884
83.64	0.04	0.01357289
83.68	0.04	0.00948889
83.72	0.04	0.01118171
83.76	0.04	0.01081176
83.80	0.04	0.01192560
83.84	0.04	0.01134511
83.88	0.04	0.00795116
83.92	0.04	0.00504925
83.96	0.04	0.00492401
84.00	0.04	0.00527211
84.04	0.04	-0.00036035
84.08	0.04	0.00110307
84.12	0.04	0.00589428
84.16	0.04	-0.00468499
84.20	0.04	-0.00691223
84.24	0.04	-0.00407549
84.28	0.04	-0.00226994
84.32	0.04	-0.00611269
84.36	0.04	-0.00554895
84.40	0.04	-0.00243335
84.44	0.04	-0.00309420
84.48	0.04	-0.00390571
84.52	0.04	-0.00815276
84.56	0.04	-0.00534199
84.60	0.04	-0.00726323
84.64	0.04	-0.00944102
84.68	0.04	-0.00485748
84.72	0.04	-0.00345362
84.76	0.04	-0.00476033
84.80	0.04	-0.00578021
84.84	0.04	-0.00519849
84.88	0.04	-0.00430256
84.92	0.04	-0.00687032
84.96	0.04	-0.00547073
85.00	0.04	-0.00247235
85.04	0.04	0.01748612
85.08	0.04	0.00646814
85.12	0.04	-0.00307894
85.16	0.04	-0.00139839
85.20	0.04	0.00206076
85.24	0.04	0.00174738
85.28	0.04	-0.00069411
85.32	0.04	0.00191267
85.36	0.04	-0.01768975
85.40	0.04	-0.01030523
85.44	0.04	0.00493463
85.48	0.04	0.00174579
85.52	0.04	-0.00038261
85.56	0.04	-0.00591824
85.60	0.04	0.01604224
85.64	0.04	-0.00290960
85.68	0.04	-0.00792946
85.72	0.04	-0.00558301
85.76	0.04	-0.00117045
85.80	0.04	-0.00021798
85.84	0.04	-0.00480657
85.88	0.04	-0.00418656
85.92	0.04	-0.00124260
85.96	0.04	-0.00449683
86.00	0.04	-0.00439623
86.04	0.04	-0.00417278
86.08	0.04	-0.00147549
86.12	0.04	-0.00160338
86.16	0.04	-0.00324166
86.20	0.04	-0.00508776
86.24	0.04	-0.00543955
86.28	0.04	-0.00547954
86.32	0.04	-0.00411085
86.36	0.04	-0.00631224
86.40	0.04	-0.00204252
86.44	0.04	-0.00333838
86.48	0.04	-0.00676019
86.52	0.04	-0.00459670
86.56	0.04	-0.00428917
86.60	0.04	-0.00589422
86.64	0.04	-0.00868498
86.68	0.04	-0.00297352
86.72	0.04	-0.00369664
86.76	0.04	-0.00098196
86.80	0.04	-0.00688901
86.84	0.04	-0.00511441
86.88	0.04	-0.00010885
86.92	0.04	-0.00028898
86.96	0.04	0.00008642
87.00	0.04	-0.00047694
87.04	0.04	-0.00083542
87.08	0.04	-0.00040637
87.12	0.04	-0.00043498
87.16	0.04	-0.00094775
87.20	0.04	-0.00082579
87.24	0.04	-0.00037612
87.28	0.04	-0.00093245
87.32	0.04	-0.00125568
87.36	0.04	-0.00178729
87.40	0.04	-0.00115321
87.44	0.04	-0.00058143
87.48	0.04	-0.00056144
87.52	0.04	-0.00044505
87.56	0.04	-0.00041715
87.60	0.04	-0.00018225
87.64	0.04	0.00003839
87.68	0.04	-0.00009833
87.72	0.04	-0.00016399
87.76	0.04	0.00007153
87.80	0.04	-0.00004674
87.84	0.04	0.00049189
87.88	0.04	0.00067586
87.92	0.04	0.00035679
87.96	0.04	-0.00022973
88.00	0.04	0.00052254
88.04	0.04	0.00146013
88.08	0.04	0.00157892
88.12	0.04	0.00123975
88.16	0.04	0.00093873
88.20	0.04	0.00154888
88.24	0.04	0.00114643
88.28	0.04	-0.00079322
88.32	0.04	-0.00070288
88.36	0.04	0.00000879
88.40	0.04	0.00121446
88.44	0.04	0.00183296
88.48	0.04	0.00084983
88.52	0.04	0.00052852
88.56	0.04	0.00002233
88.60	0.04	0.00142622
88.64	0.04	-0.00077455
88.68	0.04	-0.00074293
88.72	0.04	-0.00013680
88.76	0.04	0.00019463
88.80	0.04	-0.00020263
88.84	0.04	-0.00071418
88.88	0.04	-0.00139783
88.92	0.04	-0.00172330
88.96	0.04	-0.00314494
89.00	0.04	0.00089315
89.04	0.04	0.00473114
89.08	0.04	0.00100162
89.12	0.04	0.00079036
89.16	0.04	0.00013484
89.20	0.04	-0.00009669
89.24	0.04	-0.00057451
89.28	0.04	0.00254689
89.32	0.04	0.00375456
89.36	0.04	0.00405261
89.40	0.04	0.00281333
89.44	0.04	0.00032962
89.48	0.04	-0.00004473
89.52	0.04	-0.00490280
89.56	0.04	-0.00228439
89.60	0.04	0.00146544
89.64	0.04	0.00069548
89.68	0.04	-0.00010857
89.72	0.04	0.00021638
89.76	0.04	0.00344937
89.80	0.04	0.00248046
89.84	0.04	0.00101425
89.88	0.04	0.01172959
89.92	0.04	0.00436997
89.96	0.04	0.00192314
90.00	0.04	0.00144379
90.04	0.04	0.00165237
90.08	0.04	0.00009261
90.12	0.04	0.00187331
90.16	0.04	0.00091181
90.20	0.04	0.00177795
90.24	0.04	0.00021266
90.28	0.04	-0.00060471
90.32	0.04	0.00033464
90.36	0.04	0.00040236
90.40	0.04	-0.00244911
90.44	0.04	-0.00243477
90.48	0.04	0.00000445
90.52	0.04	-0.00126930
90.56	0.04	0.00110552
90.60	0.04	-0.00055957
90.64	0.04	-0.00804047
90.68	0.04	-0.00514271
90.72	0.04	-0.00325881
90.76	0.04	-0.00595545
90.80	0.04	-0.00107054
90.84	0.04	0.00062395
90.88	0.04	-0.00150950
90.92	0.04	0.00028769
90.96	0.04	0.00001628
91.00	0.04	0.00104662
91.04	0.04	-0.00045886
91.08	0.04	-0.00069165
91.12	0.04	-0.00085936
91.16	0.04	-0.00127475
91.20	0.04	-0.00036756
91.24	0.04	-0.00086742
91.28	0.04	0.00011108
91.32	0.04	0.00098815
91.36	0.04	0.00206714
91.40	0.04	0.00219226
91.44	0.04	0.00005100
91.48	0.04	0.00009893
91.52	0.04	-0.00187197
91.56	0.04	-0.00157527
91.60	0.04	0.00003520
91.64	0.04	0.00068395
91.68	0.04	-0.00122487
91.72	0.04	-0.00261260
91.76	0.04	-0.00230285
91.80	0.04	-0.00144926
91.84	0.04	-0.00057874
91.88	0.04	0.00131893
91.92	0.04	-0.00057817
91.96	0.04	-0.00013446
92.00	0.04	-0.00136611
92.04	0.04	0.00155084
92.08	0.04	0.00273407
92.12	0.04	0.00004449
92.16	0.04	0.00110435
92.20	0.04	0.00066227
92.24	0.04	-0.00100835
92.28	0.04	0.00114480
92.32	0.04	0.00470971
92.36	0.04	0.00352357
92.40	0.04	0.00590252
92.44	0.04	0.00139936
92.48	0.04	0.00102949
92.52	0.04	0.00172865
92.56	0.04	0.00099488
92.60	0.04	0.00013250
92.64	0.04	0.00013847
92.68	0.04	-0.00049139
92.72	0.04	0.00012074
92.76	0.04	-0.00043329
92.80	0.04	-0.00035280
92.84	0.04	-0.00102378
92.88	0.04	-0.00307006
92.92	0.04	-0.00259465
92.96	0.04	-0.00014725
93.00	0.04	0.00078271
93.04	0.04	0.00019840
93.08	0.04	0.00033588
93.12	0.04	0.00040542
93.16	0.04	-0.00114487
93.20	0.04	0.00002681
93.24	0.04	0.00058326
93.28	0.04	-0.00154682
93.32	0.04	-0.00012755
93.36	0.04	0.00057145
93.40	0.04	-0.00131100
93.44	0.04	0.00069428
93.48	0.04	0.00051485
93.52	0.04	0.00171386
93.56	0.04	0.00073607
93.60	0.04	-0.00221923
93.64	0.04	-0.00099298
93.68	0.04	0.00130600
93.72	0.04	0.00105666
93.76	0.04	0.00093565
93.80	0.04	0.00051699
93.84	0.04	0.00092907
93.88	0.04	0.00069944
93.92	0.04	-0.00003622
93.96	0.04	0.00000726
94.00	0.04	-0.00033501
94.04	0.04	-0.00039423
94.08	0.04	0.00028988
94.12	0.04	-0.00045823
94.16	0.04	0.00019782
94.20	0.04	0.00034559
94.24	0.04	0.00003287
94.28	0.04	0.00003710
94.32	0.04	0.00037458
94.36	0.04	0.00045156
94.40	0.04	0.00009396
94.44	0.04	0.00016488
94.48	0.04	0.00103670
94.52	0.04	0.00086764
94.56	0.04	0.00200127
94.60	0.04	0.00018031
94.64	0.04	-0.00006291
94.68	0.04	0.00106308
94.72	0.04	0.00065736
94.76	0.04	0.00210261
94.80	0.04	0.00168810
94.84	0.04	0.00089473
94.88	0.04	0.00002636
94.92	0.04	0.00120624
94.96	0.04	0.00111734
95.00	0.04	-0.00037660
95.04	0.04	-0.00008035
95.08	0.04	0.00030186
95.12	0.04	-0.00009882
95.16	0.04	0.00076521
95.20	0.04	0.00071525
95.24	0.04	0.00099865
95.28	0.04	0.00234081
95.32	0.04	0.00329727
95.36	0.04	0.00207734
95.40	0.04	0.00062749
95.44	0.04	-0.00047103
95.48	0.04	0.00156269
95.52	0.04	0.00001797
95.56	0.04	-0.00000933
95.60	0.04	-0.00037119
95.64	0.04	-0.00006774
95.68	0.04	0.00052345
95.72	0.04	-0.00030051
95.76	0.04	-0.00097911
95.80	0.04	-0.00104904
95.84	0.04	-0.00025070
95.88	0.04	0.00080416
95.92	0.04	0.00042163
95.96	0.04	-0.00060973
96.00	0.04	-0.00037707
96.04	0.04	-0.00150739
96.08	0.04	-0.00019009
96.12	0.04	-0.00002657
96.16	0.04	0.00022372
96.20	0.04	0.00029101
96.24	0.04	0.00010424
96.28	0.04	-0.00036593
96.32	0.04	0.00008495
96.36	0.04	0.00011604
96.40	0.04	-0.00170455
96.44	0.04	-0.00180576
96.48	0.04	-0.00123067
96.52	0.04	-0.00022823
96.56	0.04	-0.00046219
96.60	0.04	-0.00064200
96.64	0.04	-0.00022755
96.68	0.04	0.00002683
96.72	0.04	-0.00000220
96.76	0.04	-0.00006434
96.80	0.04	0.00014616
96.84	0.04	-0.00031713
96.88	0.04	-0.00014147
96.92	0.04	-0.00011963
96.96	0.04	0.00042690
97.00	0.04	0.00035138
97.04	0.04	-0.00003126
97.08	0.04	0.00014339
97.12	0.04	0.00001528
97.16	0.04	0.00001885
97.20	0.04	-0.00001203
97.24	0.04	-0.00004977
97.28	0.04	0.00007407
97.32	0.04	0.00006200
97.36	0.04	0.00004683
97.40	0.04	0.00013153
97.44	0.04	0.00009497
97.48	0.04	0.00016630
97.52	0.04	0.00003548
97.56	0.04	0.00009548
97.60	0.04	0.00009111
97.64	0.04	0.00025610
97.68	0.04	0.00062303
97.72	0.04	-0.00008572
97.76	0.04	-0.00077082
97.80	0.04	0.00015655
97.84	0.04	0.00017861
97.88	0.04	-0.00084853
97.92	0.04	0.00137233
97.96	0.04	0.00079552
98.00	0.04	0.00111081
98.04	0.04	0.00143691
98.08	0.04	-0.00114074
98.12	0.04	-0.00057007
98.16	0.04	0.00238577
98.20	0.04	0.00141511
98.24	0.04	0.00155208
98.28	0.04	-0.00104450
98.32	0.04	-0.00173759
98.36	0.04	0.00032062
98.40	0.04	0.00182637
98.44	0.04	0.00068094
98.48	0.04	0.00449148
98.52	0.04	0.00510061
98.56	0.04	0.00236823
98.60	0.04	0.00234433
98.64	0.04	-0.00228105
98.68	0.04	-0.00153056
98.72	0.04	0.00057816
98.76	0.04	0.00250393
98.80	0.04	0.00330419
98.84	0.04	0.00640723
98.88	0.04	0.00478545
98.92	0.04	0.00209818
98.96	0.04	0.00338491
99.00	0.04	0.00246980
99.04	0.04	0.00426665
99.08	0.04	0.00609096
99.12	0.04	0.00449471
99.16	0.04	0.00176567
99.20	0.04	0.00252073
99.24	0.04	0.00488219
99.28	0.04	0.00651502
99.32	0.04	0.00504919
99.36	0.04	0.00123774
99.40	0.04	0.00236443
99.44	0.04	-0.00029153
99.48	0.04	-0.00133615
99.52	0.04	0.00076603
99.56	0.04	0.00047825
99.60	0.04	0.00128054
99.64	0.04	0.00125742
99.68	0.04	0.00053853
99.72	0.04	-0.00250140
99.76	0.04	-0.00150407
99.80	0.04	0.00053585
99.84	0.04	0.00031996
99.88	0.04	0.00068773
99.92	0.04	0.00101812
99.96	0.04	0.00150546
100.00	0.04	0.00159369
100.04	0.04	0.00065171
100.08	0.04	0.00262288
100.12	0.04	0.00161496
100.16	0.04	0.00165927
100.20	0.04	0.00190730
100.24	0.04	0.00096213
100.28	0.04	-0.00014110
100.32	0.04	-0.00196202
100.36	0.04	0.00032388
100.40	0.04	-0.00239285
100.44	0.04	-0.00439870
100.48	0.04	-0.00126259
100.52	0.04	-0.00054035
100.56	0.04	-0.00046684
100.60	0.04	0.00089712
100.64	0.04	0.00103107
100.68	0.04	0.00308390
100.72	0.04	0.00224567
100.76	0.04	0.00432773
100.80	0.04	0.00347924
100.84	0.04	0.00250788
100.88	0.04	0.00442575
100.92	0.04	0.00369445
100.96	0.04	0.00368128
101.00	0.04	0.00200545
101.04	0.04	0.00108421
101.08	0.04	0.00042324
101.12	0.04	-0.00034008
101.16	0.04	0.00104246
101.20	0.04	0.00187973
101.24	0.04	0.00230112
101.28	0.04	-0.00006822
101.32	0.04	0.00159651
101.36	0.04	0.00029666
101.40	0.04	0.00043557
101.44	0.04	0.00243101
101.48	0.04	-0.00056241
101.52	0.04	-0.00119700
101.56	0.04	-0.00001165
101.60	0.04	-0.00026162
101.64	0.04	-0.00127254
101.68	0.04	0.00007694
101.72	0.04	-0.00051800
101.76	0.04	0.00061521
101.80	0.04	0.00106802
101.84	0.04	0.00152946
101.88	0.04	0.00198738
101.92	0.04	0.00030196
101.96	0.04	0.00463508
102.00	0.04	-0.00290536
102.04	0.04	-0.00036990
102.08	0.04	0.00056852
102.12	0.04	-0.00072030
102.16	0.04	0.00016364
102.20	0.04	0.00145810
102.24	0.04	0.00089678
102.28	0.04	0.00120656
102.32	0.04	0.00232213
102.36	0.04	0.00154492
102.40	0.04	0.00079856
102.44	0.04	0.00186999
102.48	0.04	0.00198515
102.52	0.04	0.00024714
102.56	0.04	0.00045249
102.60	0.04	0.00191801
102.64	0.04	-0.00060136
102.68	0.04	0.00096351
102.72	0.04	0.00119335
102.76	0.04	0.00122832
102.80	0.04	0.00066996
102.84	0.04	0.00113279
102.88	0.04	0.00144675
102.92	0.04	0.00015613
102.96	0.04	0.00092496
103.00	0.04	0.00012226
103.04	0.04	-0.00057067
103.08	0.04	-0.00013143
103.12	0.04	0.00010589
103.16	0.04	0.00104150
103.20	0.04	0.00170032
103.24	0.04	0.00109952
103.28	0.04	0.00088936
103.32	0.04	0.00076378
103.36	0.04	0.00116148
103.40	0.04	0.00097282
103.44	0.04	0.00044720
103.48	0.04	0.00026388
103.52	0.04	0.00010582
103.56	0.04	0.00063844
103.60	0.04	0.00100483
103.64	0.04	0.00081133
103.68	0.04	0.00038822
103.72	0.04	0.00046164
103.76	0.04	0.00034561
103.80	0.04	0.00004591
103.84	0.04	0.00008471
103.88	0.04	-0.00049506
103.92	0.04	-0.00121657
103.96	0.04	-0.00096742
104.00	0.04	-0.00052530
104.04	0.04	0.00015825
104.08	0.04	-0.00055595
104.12	0.04	-0.00066978
104.16	0.04	-0.00037203
104.20	0.04	-0.00216973
104.24	0.04	-0.00251952
104.28	0.04	-0.00204188
104.32	0.04	0.00019326
104.36	0.04	-0.00009983
104.40	0.04	-0.00117563
104.44	0.04	-0.00075506
104.48	0.04	0.00041575
104.52	0.04	0.00003256
104.56	0.04	0.00009402
104.60	0.04	-0.00002481
104.64	0.04	0.00119745
104.68	0.04	0.00087517
104.72	0.04	0.00042094
104.76	0.04	0.00035098
104.80	0.04	0.00007982
104.84	0.04	-0.00066196
104.88	0.04	-0.00106955
104.92	0.04	-0.00114678
104.96	0.04	-0.00127968
105.00	0.04	0.00042871
105.04	0.04	-0.00010506
105.08	0.04	-0.00008695
105.12	0.04	-0.00059230
105.16	0.04	-0.00004288
105.20	0.04	0.00041448
105.24	0.04	0.00051719
105.28	0.04	0.00076914
105.32	0.04	0.00069334
105.36	0.04	0.00007023
105.40	0.04	-0.00021450
105.44	0.04	-0.00005182
105.48	0.04	0.00009584
105.52	0.04	0.00001471
105.56	0.04	-0.00035321
105.60	0.04	-0.00009960
105.64	0.04	0.00000296
105.68	0.04	-0.00021025
105.72	0.04	-0.00084499
105.76	0.04	0.00055875
105.80	0.04	0.00068265
105.84	0.04	-0.00040558
105.88	0.04	-0.00002074
105.92	0.04	-0.00050018
105.96	0.04	0.00008327
106.00	0.04	-0.00076547
106.04	0.04	-0.00053737
106.08	0.04	-0.00028604
106.12	0.04	-0.00022262
106.16	0.04	0.00005700
106.20	0.04	-0.00002542
106.24	0.04	0.00006484
106.28	0.04	-0.00026986
106.32	0.04	0.00009397
106.36	0.04	0.00064694
106.40	0.04	-0.00013446
106.44	0.04	-0.00017833
106.48	0.04	-0.00037475
106.52	0.04	0.00023381
106.56	0.04	0.00000613
106.60	0.04	-0.00002757
106.64	0.04	-0.00008446
106.68	0.04	0.00011230
106.72	0.04	-0.00032034
106.76	0.04	0.00016269
106.80	0.04	0.00027702
106.84	0.04	0.00021965
106.88	0.04	0.00013591
106.92	0.04	-0.00006711
106.96	0.04	-0.00059976
107.00	0.04	0.00036467
107.04	0.04	-0.00045101
107.08	0.04	-0.00022407
107.12	0.04	-0.00016627
107.16	0.04	-0.00006480
107.20	0.04	-0.00020387
107.24	0.04	0.00008530
107.28	0.04	-0.00009486
107.32	0.04	0.00001089
107.36	0.04	-0.00049129
107.40	0.04	0.00008258
107.44	0.04	-0.00006518
107.48	0.04	-0.00013858
107.52	0.04	0.00006060
107.56	0.04	-0.00041303
107.60	0.04	0.00082165
107.64	0.04	0.00014981
107.68	0.04	0.00030303
107.72	0.04	-0.00009792
107.76	0.04	0.00027791
107.80	0.04	-0.00017324
107.84	0.04	0.00003424
107.88	0.04	-0.00006300
107.92	0.04	0.00012811
107.96	0.04	0.00009375
108.00	0.04	-0.00036049
108.04	0.04	0.00000176
108.08	0.04	0.00020079
108.12	0.04	0.00010211
108.16	0.04	0.00012381
108.20	0.04	0.00005321
108.24	0.04	-0.00000516
108.28	0.04	-0.00000810
108.32	0.04	0.00018874
108.36	0.04	0.00020681
108.40	0.04	0.00040704
108.44	0.04	0.00012800
108.48	0.04	0.00024241
108.52	0.04	0.00005844
108.56	0.04	0.00002571
108.60	0.04	0.00019395
108.64	0.04	0.00004481
108.68	0.04	-0.00002131
108.72	0.04	0.00009953
108.76	0.04	-0.00006907
108.80	0.04	-0.00001306
108.84	0.04	-0.00001852
108.88	0.04	-0.00004461
108.92	0.04	-0.00010015
108.96	0.04	0.00007299
109.00	0.04	-0.00002914
109.04	0.04	-0.00005429
109.08	0.04	-0.00012309
109.12	0.04	-0.00001343
109.16	0.04	-0.00000535
109.20	0.04	0.00005047
109.24	0.04	0.00001239
109.28	0.04	0.00000464
109.32	0.04	0.00000640
109.36	0.04	0.00001302
109.40	0.04	-0.00004730
109.44	0.04	0.00004599
109.48	0.04	0.00001891
109.52	0.04	0.00010100
109.56	0.04	0.00001685
109.60	0.04	0.00007081
109.64	0.04	0.00005988
109.68	0.04	0.00003998
109.72	0.04	-0.00020987
109.76	0.04	0.00001860
109.80	0.04	0.00003653
109.84	0.04	-0.00006350
109.88	0.04	0.00012595
109.92	0.04	-0.00004691
109.96	0.04	-0.00024696
110.00	0.04	0.00004029
110.04	0.04	-0.00018886
110.08	0.04	-0.00005968
110.12	0.04	-0.00007674
110.16	0.04	-0.00023665
110.20	0.04	-0.00011489
110.24	0.04	-0.00022720
110.28	0.04	0.00008076
110.32	0.04	0.00054537
110.36	0.04	-0.00038446
110.40	0.04	0.00047501
110.44	0.04	0.00021989
110.48	0.04	-0.00134294
110.52	0.04	0.00069082
110.56	0.04	-0.00020343
110.60	0.04	0.00209613
110.64	0.04	-0.00062289
110.68	0.04	-0.00058267
110.72	0.04	-0.00088636
110.76	0.04	0.00029502
110.80	0.04	-0.00064453
110.84	0.04	-0.00066105
110.88	0.04	0.00002932
110.92	0.04	0.00046594
110.96	0.04	0.00059744
111.00	0.04	0.00163484
111.04	0.04	0.00005672
111.08	0.04	0.00063805
111.12	0.04	-0.00014177
111.16	0.04	-0.00057521
111.20	0.04	0.00151364
111.24	0.04	0.00048645
111.28	0.04	-0.00002342
111.32	0.04	-0.00027339
111.36	0.04	0.00027763
111.40	0.04	-0.00030378
111.44	0.04	-0.00062682
111.48	0.04	0.00166259
111.52	0.04	-0.00012782
111.56	0.04	0.00024792
111.60	0.04	0.00000712
111.64	0.04	-0.00006943
111.68	0.04	-0.00051902
111.72	0.04	0.00067840
111.76	0.04	-0.00022757
111.80	0.04	0.00052057
111.84	0.04	-0.00089351
111.88	0.04	0.00037930
111.92	0.04	0.00223687
111.96	0.04	-0.00052165
112.00	0.04	-0.00005012
112.04	0.04	-0.00047987
112.08	0.04	0.00009777
112.12	0.04	0.00026640
112.16	0.04	-0.00023566
112.20	0.04	-0.00088019
112.24	0.04	0.00014225
112.28	0.04	0.00122849
112.32	0.04	0.00130884
112.36	0.04	0.00094661
112.40	0.04	-0.00049577
112.44	0.04	0.00051698
112.48	0.04	-0.00033980
112.52	0.04	-0.00172802
112.56	0.04	0.00045060
112.60	0.04	-0.00057306
112.64	0.04	0.00007683
112.68	0.04	0.00218732
112.72	0.04	-0.00124203
112.76	0.04	0.00100259
112.80	0.04	0.00267416
112.84	0.04	0.00274793
112.88	0.04	0.00227495
112.92	0.04	0.00317277
112.96	0.04	0.00302246
113.00	0.04	0.00283243
113.04	0.04	0.00128211
113.08	0.04	0.00109012
113.12	0.04	0.00032782
113.16	0.04	0.00012436
113.20	0.04	-0.00008661
113.24	0.04	0.00029848
113.28	0.04	-0.00071287
113.32	0.04	0.00000036
113.36	0.04	0.00070251
113.40	0.04	-0.00106749
113.44	0.04	0.00058324
113.48	0.04	0.00098607
113.52	0.04	-0.00020781
113.56	0.04	0.00027716
113.60	0.04	0.00063475
113.64	0.04	-0.00042092
113.68	0.04	0.00033661
113.72	0.04	0.00075541
113.76	0.04	0.00115367
113.80	0.04	0.00040307
113.84	0.04	0.00020244
113.88	0.04	0.00026371
113.92	0.04	-0.00019013
113.96	0.04	-0.00067602
114.00	0.04	0.00002134
114.04	0.04	-0.00011982
114.08	0.04	-0.00124741
114.12	0.04	0.00011371
114.16	0.04	0.00058736
114.20	0.04	0.00097180
114.24	0.04	-0.00034257
114.28	0.04	-0.00035226
114.32	0.04	-0.00026085
114.36	0.04	-0.00008154
114.40	0.04	-0.00030497
114.44	0.04	0.00042171
114.48	0.04	-0.00015940
114.52	0.04	0.00040856
114.56	0.04	0.00010339
114.60	0.04	-0.00027157
114.64	0.04	-0.00020123
114.68	0.04	-0.00012624
114.72	0.04	0.00015058
114.76	0.04	0.00006698
114.80	0.04	0.00005689
114.84	0.04	0.00030412
114.88	0.04	-0.00050926
114.92	0.04	-0.00061407
114.96	0.04	-0.00086055
115.00	0.04	-0.00061746
115.04	0.04	-0.00097374
115.08	0.04	-0.00070012
115.12	0.04	0.00001139
115.16	0.04	0.00019503
115.20	0.04	0.00038227
115.24	0.04	0.00002712
115.28	0.04	0.00028102
115.32	0.04	-0.00015376
115.36	0.04	-0.00080302
115.40	0.04	0.00021286
115.44	0.04	-0.00008028
115.48	0.04	-0.00011589
115.52	0.04	0.00009619
115.56	0.04	0.00011312
115.60	0.04	0.00003095
115.64	0.04	-0.00005836
115.68	0.04	0.00014364
115.72	0.04	-0.00004585
115.76	0.04	0.00010888
115.80	0.04	-0.00033912
115.84	0.04	-0.00050534
115.88	0.04	0.00004662
115.92	0.04	0.00015813
115.96	0.04	0.00034716
116.00	0.04	-0.00003005
116.04	0.04	0.00018224
116.08	0.04	0.00015970
116.12	0.04	0.00003630
116.16	0.04	-0.00003696
116.20	0.04	0.00000863
116.24	0.04	-0.00013344
116.28	0.04	0.00009015
116.32	0.04	-0.00007046
116.36	0.04	-0.00018862
116.40	0.04	-0.00003381
116.44	0.04	0.00000036
116.48	0.04	0.00018911
116.52	0.04	-0.00008724
116.56	0.04	-0.00025623
116.60	0.04	-0.00014010
116.64	0.04	-0.00046993
116.68	0.04	0.00008956
116.72	0.04	0.00002691
116.76	0.04	-0.00001630
116.80	0.04	-0.00019317
116.84	0.04	-0.00016922
116.88	0.04	-0.00011132
116.92	0.04	-0.00005272
116.96	0.04	0.00000918
117.00	0.04	-0.00004817
117.04	0.04	-0.00006382
117.08	0.04	-0.00031077
117.12	0.04	-0.00002807
117.16	0.04	-0.00002433
117.20	0.04	0.00007897
117.24	0.04	0.00040282
117.28	0.04	0.00025393
117.32	0.04	-0.00001591
117.36	0.04	0.00017283
117.40	0.04	0.00012781
117.44	0.04	-0.00011838
117.48	0.04	-0.00013407
117.52	0.04	-0.00011196
117.56	0.04	0.00003433
117.60	0.04	0.00016252
117.64	0.04	0.00025705
117.68	0.04	-0.00044818
117.72	0.04	-0.00002880
117.76	0.04	0.00003514
117.80	0.04	0.00005848
117.84	0.04	0.00007946
117.88	0.04	-0.00008674
117.92	0.04	-0.00003053
117.96	0.04	-0.00009233
118.00	0.04	0.00017981
118.04	0.04	-0.00001306
118.08	0.04	-0.00047760
118.12	0.04	-0.00004882
118.16	0.04	-0.00023441
118.20	0.04	-0.00006973
118.24	0.04	0.00022307
118.28	0.04	-0.00059497
118.32	0.04	-0.00031928
118.36	0.04	0.00014568
118.40	0.04	0.00011836
118.44	0.04	-0.00001790
118.48	0.04	0.00008402
118.52	0.04	0.00057489
118.56	0.04	0.00072920
118.60	0.04	0.00010194
118.64	0.04	0.00011189
118.68	0.04	0.00013257
118.72	0.04	0.00002382
118.76	0.04	-0.00002852
118.80	0.04	-0.00003147
118.84	0.04	-0.00003741
118.88	0.04	-0.00017925
118.92	0.04	0.00031895
118.96	0.04	-0.00017344
119.00	0.04	-0.00026224
119.04	0.04	-0.00007276
119.08	0.04	0.00029130
119.12	0.04	0.00032380
119.16	0.04	0.00000603
119.20	0.04	0.00025945
119.24	0.04	0.00040772
119.28	0.04	0.00025883
119.32	0.04	0.00023609
119.36	0.04	0.00019508
119.40	0.04	0.00015017
119.44	0.04	0.00048294
119.48	0.04	0.00038401
119.52	0.04	0.00037368
119.56	0.04	0.00035773
119.60	0.04	0.00026071
119.64	0.04	0.00030629
119.68	0.04	0.00006570
119.72	0.04	-0.00000359
119.76	0.04	0.00000851
119.80	0.04	0.00000556
119.84	0.04	0.00004292
119.88	0.04	-0.00004426
119.92	0.04	0.00009476
119.96	0.04	-0.00001632
120.00	0.04	0.00006306
120.04	0.04	0.00000086
120.08	0.04	-0.00002304
120.12	0.04	-0.00002839
120.16	0.04	0.00006020
120.20	0.04	0.00006171
120.24	0.04	0.00003951
120.28	0.04	0.00002922
120.32	0.04	0.00000073
120.36	0.04	0.00003844
120.40	0.04	-0.00000703
120.44	0.04	-0.00000321
120.48	0.04	0.00000537
120.52	0.04	-0.00000842
120.56	0.04	0.00003734
120.60	0.04	0.00004779
120.64	0.04	0.00006266
120.68	0.04	0.00009883
120.72	0.04	0.00008247
120.76	0.04	0.00005954
120.80	0.04	0.00005082
120.84	0.04	0.00007636
120.88	0.04	0.00011248
120.92	0.04	0.00011438
120.96	0.04	0.00013119
121.00	0.04	0.00010937
121.04	0.04	0.00010303
121.08	0.04	0.00010014
121.12	0.04	0.00010045
121.16	0.04	0.00011510
121.20	0.04	0.00010071
121.24	0.04	0.00008605
121.28	0.04	0.00011111
121.32	0.04	0.00012852
121.36	0.04	0.00009529
121.40	0.04	0.00011535
121.44	0.04	0.00013151
121.48	0.04	0.00018135
121.52	0.04	0.00069377
121.56	0.04	0.00098144
121.60	0.04	0.00093339
121.64	0.04	0.00085309
121.68	0.04	0.00073409
121.72	0.04	0.00064563
121.76	0.04	0.00058669
121.80	0.04	0.00119626
121.84	0.04	0.00112947
121.88	0.04	0.00121181
121.92	0.04	0.00103194
121.96	0.04	0.00100921
122.00	0.04	0.00123888
122.04	0.04	0.00117838
122.08	0.04	0.00095625
122.12	0.04	0.00095705
122.16	0.04	0.00095894
122.20	0.04	0.00091633
122.24	0.04	0.00070631
122.28	0.04	0.00063999
122.32	0.04	0.00073587
122.36	0.04	0.00089695
122.40	0.04	0.00121451
122.44	0.04	0.00099296
122.48	0.04	0.00070338
122.52	0.04	0.00015362
122.56	0.04	0.00033523
122.60	0.04	0.00039049
122.64	0.04	0.00052814
122.68	0.04	0.00008463
122.72	0.04	-0.00010585
122.76	0.04	0.00030290
122.80	0.04	0.00018493
122.84	0.04	0.00004556
122.88	0.04	0.00013724
122.92	0.04	0.00015236
122.96	0.04	0.00132183
123.00	0.04	0.00029963
123.04	0.04	0.00022645
123.08	0.04	0.00003236
123.12	0.04	0.00047785
123.16	0.04	0.00092862
123.20	0.04	0.00075364
123.24	0.04	0.00011069
123.28	0.04	0.00027580
123.32	0.04	0.00049410
123.36	0.04	0.00010144
123.40	0.04	0.00014294
123.44	0.04	0.00038015
123.48	0.04	0.00047496
123.52	0.04	-0.00020371
123.56	0.04	0.00047635
123.60	0.04	0.00002324
123.64	0.04	0.00018516
123.68	0.04	0.00027148
123.72	0.04	0.00004816
123.76	0.04	-0.00009217
123.80	0.04	-0.00007335
123.84	0.04	0.00021538
123.88	0.04	0.00029379
123.92	0.04	0.00098739
123.96	0.04	0.00170927
124.00	0.04	0.00118729
124.04	0.04	0.00072840
124.08	0.04	0.00033514
124.12	0.04	-0.00008846
124.16	0.04	-0.00017274
124.20	0.04	-0.00011430
124.24	0.04	0.00028519
124.28	0.04	0.00029301
124.32	0.04	0.00050800
124.36	0.04	0.00000220
124.40	0.04	0.00041425
124.44	0.04	0.00038607
124.48	0.04	0.00023747
124.52	0.04	-0.00011703
124.56	0.04	0.00010277
124.60	0.04	0.00009407
124.64	0.04	-0.00001337
124.68	0.04	0.00004127
124.72	0.04	0.00010325
124.76	0.04	0.00018710
124.80	0.04	0.00062409
124.84	0.04	0.00007853
124.88	0.04	0.00023561
124.92	0.04	0.00045256
124.96	0.04	0.00051900
125.00	0.04	0.00007564
125.04	0.04	0.00041344
125.08	0.04	0.00024477
125.12	0.04	0.00068264
125.16	0.04	-0.00019890
125.20	0.04	0.00028066
125.24	0.04	0.00090789
125.28	0.04	0.00071967
125.32	0.04	0.00111283
125.36	0.04	0.00637094
125.40	0.04	0.00826117
125.44	0.04	0.00591026
125.48	0.04	0.00193043
125.52	0.04	0.00253338
125.56	0.04	0.00547508
125.60	0.04	0.00462227
125.64	0.04	0.00251382
125.68	0.04	0.00427312
125.72	0.04	0.00196136
125.76	0.04	0.00162899
125.80	0.04	0.00300359
125.84	0.04	0.00203057
125.88	0.04	0.00352678
125.92	0.04	0.00272516
125.96	0.04	0.00259155
126.00	0.04	0.00370333
126.04	0.04	0.00422119
126.08	0.04	0.00432156
126.12	0.04	0.00456696
126.16	0.04	0.00472795
126.20	0.04	0.00336682
126.24	0.04	0.00321372
126.28	0.04	0.00336474
126.32	0.04	0.00257802
126.36	0.04	0.00150143
126.40	0.04	0.00090046
126.44	0.04	0.00091456
126.48	0.04	0.00070862
126.52	0.04	0.00204488
126.56	0.04	0.00110708
126.60	0.04	0.00154062
126.64	0.04	0.00518585
126.68	0.04	-0.00034785
126.72	0.04	0.00071259
126.76	0.04	0.00072763
126.80	0.04	0.00145501
126.84	0.04	0.00061040
126.88	0.04	0.00128835
126.92	0.04	-0.00000306
126.96	0.04	0.00228113
127.00	0.04	0.00111750
127.04	0.04	0.00080578
127.08	0.04	0.00166381
127.12	0.04	0.00239289
127.16	0.04	0.00307022
127.20	0.04	0.00201220
127.24	0.04	0.00073806
127.28	0.04	0.00092639
127.32	0.04	0.00390162
127.36	0.04	0.00073601
127.40	0.04	0.00040050
127.44	0.04	0.00049749
127.48	0.04	0.00115262
127.52	0.04	0.00077138
127.56	0.04	0.00026761
127.60	0.04	0.00116207
127.64	0.04	0.00426286
127.68	0.04	0.00642213
127.72	0.04	0.00124261
127.76	0.04	0.00256407
127.80	0.04	0.00339613
127.84	0.04	0.00562979
127.88	0.04	0.00122357
127.92	0.04	0.00081654
127.96	0.04	0.00230672
128.00	0.04	0.00058763
128.04	0.04	0.00119525
128.08	0.04	0.00197955
128.12	0.04	0.00477356
128.16	0.04	0.00372205
128.20	0.04	0.00184001
128.24	0.04	0.00231594
128.28	0.04	0.00277398
128.32	0.04	0.00233245
128.36	0.04	0.00311677
128.40	0.04	0.00184724
128.44	0.04	0.00372407
128.48	0.04	0.00361821
128.52	0.04	0.00114027
128.56	0.04	0.00152741
128.60	0.04	0.00088532
128.64	0.04	0.00068177
128.68	0.04	-0.00005573
128.72	0.04	0.00084621
128.76	0.04	0.00150715
128.80	0.04	0.00318683
128.84	0.04	0.00796122
128.88	0.04	0.00861988
128.92	0.04	0.00235063
128.96	0.04	0.00251932
129.00	0.04	-0.00038101
129.04	0.04	0.00021253
129.08	0.04	0.00095778
129.12	0.04	0.00094863
129.16	0.04	0.00011373
129.20	0.04	0.00042326
129.24	0.04	0.00023762
129.28	0.04	0.00007660
129.32	0.04	0.00081928
129.36	0.04	0.00024138
129.40	0.04	0.00057592
129.44	0.04	0.00061823
129.48	0.04	0.00107424
129.52	0.04	0.00033951
129.56	0.04	0.00034809
129.60	0.04	0.00046459
129.64	0.04	0.00001435
129.68	0.04	0.00005327
129.72	0.04	0.00093644
129.76	0.04	0.00330336
129.80	0.04	0.00313807
129.84	0.04	0.00071751
129.88	0.04	-0.00008245
129.92	0.04	-0.00072124
129.96	0.04	-0.00060226
130.00	0.04	0.00337977
130.04	0.04	0.00274773
130.08	0.04	0.00025812
130.12	0.04	-0.00029137
130.16	0.04	-0.00003209
130.20	0.04	0.00092724
130.24	0.04	0.00135194
130.28	0.04	0.00088940
130.32	0.04	-0.00012736
130.36	0.04	0.00021877
130.40	0.04	-0.00034997
130.44	0.04	0.00000051
130.48	0.04	-0.00005103
130.52	0.04	0.00010243
130.56	0.04	0.00016541
130.60	0.04	0.00142411
130.64	0.04	0.00473160
130.68	0.04	0.00038398
130.72	0.04	-0.00213186
130.76	0.04	-0.00612389
130.80	0.04	-0.00062087
130.84	0.04	0.00185855
130.88	0.04	0.00000548
130.92	0.04	0.00187389
130.96	0.04	0.00252085
131.00	0.04	0.00244096
131.04	0.04	0.00200312
131.08	0.04	-0.00004435
131.12	0.04	-0.00032221
131.16	0.04	-0.00009535
131.20	0.04	0.00008513
131.24	0.04	0.00345898
131.28	0.04	-0.00228108
131.32	0.04	-0.00409534
131.36	0.04	-0.00361175
131.40	0.04	-0.00451348
131.44	0.04	-0.00310564
131.48	0.04	-0.00108007
131.52	0.04	-0.00145581
131.56	0.04	-0.00201101
131.60	0.04	-0.00326224
131.64	0.04	-0.00448585
131.68	0.04	-0.00262024
131.72	0.04	-0.00375788
131.76	0.04	-0.00216494
131.80	0.04	-0.00112064
131.84	0.04	0.00368455
131.88	0.04	0.00590521
131.92	0.04	0.00424770
131.96	0.04	0.00305097
132.00	0.04	0.00222100
132.04	0.04	0.00201942
132.08	0.04	0.00258658
132.12	0.04	0.00357133
132.16	0.04	0.00303985
132.20	0.04	0.00353717
132.24	0.04	0.00247437
132.28	0.04	0.00159236
132.32	0.04	0.00140369
132.36	0.04	0.00122677
132.40	0.04	0.00432547
132.44	0.04	0.00088845
132.48	0.04	-0.00253220
132.52	0.04	-0.00319795
132.56	0.04	-0.00266764
132.60	0.04	-0.00118777
132.64	0.04	-0.00096997
132.68	0.04	-0.00079817
132.72	0.04	-0.00035990
132.76	0.04	-0.00056990
132.80	0.04	-0.00063109
132.84	0.04	-0.00080067
132.88	0.04	0.00092633
132.92	0.04	0.00026951
132.96	0.04	0.00003337
133.00	0.04	0.00346096
133.04	0.04	0.00667546
133.08	0.04	0.00536053
133.12	0.04	0.00585802
133.16	0.04	0.00543930
133.20	0.04	0.00335912
133.24	0.04	0.00179654
133.28	0.04	0.00018154
133.32	0.04	0.00247003
133.36	0.04	0.00226007
133.40	0.04	0.00124180
133.44	0.04	0.00080974
133.48	0.04	0.00115580
133.52	0.04	0.00087770
133.56	0.04	0.00235798
133.60	0.04	0.00488539
133.64	0.04	0.00145325
133.68	0.04	0.00019412
133.72	0.04	0.00054835
133.76	0.04	0.00119802
133.80	0.04	0.00036646
133.84	0.04	-0.00016842
133.88	0.04	-0.00029846
133.92	0.04	0.00032282
133.96	0.04	0.00129848
134.00	0.04	0.00150955
134.04	0.04	0.00136278
134.08	0.04	0.00099529
134.12	0.04	0.00170640
134.16	0.04	0.00028757
134.20	0.04	0.00185887
134.24	0.04	0.00164607
134.28	0.04	0.00120658
134.32	0.04	0.00098845
134.36	0.04	0.00009717
134.40	0.04	0.00007837
134.44	0.04	0.00011345
134.48	0.04	0.00136040
134.52	0.04	0.00132491
134.56	0.04	0.00108628
134.60	0.04	0.00090950
134.64	0.04	0.00005977
134.68	0.04	-0.00033500
134.72	0.04	0.00023033
134.76	0.04	0.00236050
134.80	0.04	0.00006171
134.84	0.04	0.00101890
134.88	0.04	-0.00019693
134.92	0.04	-0.00001993
134.96	0.04	0.00096739
135.00	0.04	-0.00000910
135.04	0.04	-0.00001273
135.08	0.04	0.00084091
135.12	0.04	0.00067617
135.16	0.04	0.00009763
135.20	0.04	0.00049038
135.24	0.04	0.00061645
135.28	0.04	-0.00015554
135.32	0.04	0.00179758
135.36	0.04	0.00223980
135.40	0.04	0.00441601
135.44	0.04	0.00211149
135.48	0.04	0.00139300
135.52	0.04	0.00051820
135.56	0.04	0.00027226
135.60	0.04	0.00009324
135.64	0.04	-0.00018250
135.68	0.04	0.00032737
135.72	0.04	0.00122266
135.76	0.04	0.00060285
135.80	0.04	0.00032925
135.84	0.04	0.00055972
135.88	0.04	-0.00005042
135.92	0.04	0.00361158
135.96	0.04	0.00236147
136.00	0.04	-0.00006036
136.04	0.04	-0.00037202
136.08	0.04	0.00033483
136.12	0.04	0.00029867
136.16	0.04	0.00151914
136.20	0.04	-0.00071416
136.24	0.04	-0.00022965
136.28	0.04	-0.00020719
136.32	0.04	-0.00017169
136.36	0.04	-0.00013145
136.40	0.04	0.00187749
136.44	0.04	0.00052193
136.48	0.04	-0.00004891
136.52	0.04	0.00048833
136.56	0.04	0.00054946
136.60	0.04	0.00187165
136.64	0.04	0.00283107
136.68	0.04	0.00164621
136.72	0.04	0.00086070
136.76	0.04	0.00105059
136.80	0.04	0.00097209
136.84	0.04	0.00093714
136.88	0.04	0.00215525
136.92	0.04	0.00177179
136.96	0.04	0.00124916
137.00	0.04	0.00153692
137.04	0.04	0.00078928
137.08	0.04	0.00256331
137.12	0.04	0.00262118
137.16	0.04	0.00063085
137.20	0.04	0.00001847
137.24	0.04	0.00047245
137.28	0.04	0.00092884
137.32	0.04	0.00029392
137.36	0.04	0.00052016
137.40	0.04	0.00019637
137.44	0.04	0.00015911
137.48	0.04	-0.00063598
137.52	0.04	-0.00068207
137.56	0.04	-0.00004949
137.60	0.04	0.00087568
137.64	0.04	0.00039094
137.68	0.04	0.00120360
137.72	0.04	0.00459775
137.76	0.04	0.00377884
137.80	0.04	0.00268841
137.84	0.04	0.00203294
137.88	0.04	0.00125539
137.92	0.04	0.00088667
137.96	0.04	0.00023456
138.00	0.04	0.00292319
138.04	0.04	0.00165934
138.08	0.04	0.00138209
138.12	0.04	0.00117701
138.16	0.04	0.00049731
138.20	0.04	0.00018644
138.24	0.04	0.00016522
138.28	0.04	0.00483834
138.32	0.04	0.00155544
138.36	0.04	0.00124268
138.40	0.04	0.00063530
138.44	0.04	0.00144596
138.48	0.04	0.00076871
138.52	0.04	0.00040553
138.56	0.04	0.00075417
138.60	0.04	0.00114985
138.64	0.04	0.00089787
138.68	0.04	0.00077773
138.72	0.04	0.00197617
138.76	0.04	0.00144112
138.80	0.04	0.00088977
138.84	0.04	0.00093902
138.88	0.04	0.00176996
138.92	0.04	0.00235254
138.96	0.04	0.00209316
139.00	0.04	0.00126813
139.04	0.04	0.00126643
139.08	0.04	0.00071399
139.12	0.04	0.00088303
139.16	0.04	0.00134696
139.20	0.04	0.00114372
139.24	0.04	0.00245894
139.28	0.04	0.00092963
139.32	0.04	0.00089530
139.36	0.04	0.00133297
139.40	0.04	0.00168886
139.44	0.04	0.00371663
139.48	0.04	0.00057878
139.52	0.04	-0.00063376
139.56	0.04	0.00010131
139.60	0.04	-0.00033520
139.64	0.04	0.00119404
139.68	0.04	-0.00010406
139.72	0.04	0.00025349
139.76	0.04	0.00044987
139.80	0.04	0.00057676
139.84	0.04	0.00079717
139.88	0.04	0.00121914
139.92	0.04	0.00158552
139.96	0.04	0.00013540
140.00	0.04	0.00005747
140.04	0.04	0.00061859
140.08	0.04	0.00038084
140.12	0.04	0.00011507
140.16	0.04	0.00019588
140.20	0.04	0.00002819
140.24	0.04	0.00002895
140.28	0.04	-0.00002679
140.32	0.04	0.00031365
140.36	0.04	0.00016068
140.40	0.04	0.00054106
140.44	0.04	-0.00010748
140.48	0.04	0.00039671
140.52	0.04	0.00015848
140.56	0.04	0.00040015
140.60	0.04	0.00249589
140.64	0.04	0.00056515
140.68	0.04	0.00064954
140.72	0.04	-0.00046996
140.76	0.04	0.00001639
140.80	0.04	-0.00018852
140.84	0.04	0.00038700
140.88	0.04	0.00003080
140.92	0.04	0.00052016
140.96	0.04	-0.00017840
141.00	0.04	-0.00001237
141.04	0.04	0.00035648
141.08	0.04	-0.00023841
141.12	0.04	0.00017218
141.16	0.04	-0.00018586
141.20	0.04	0.00002349
141.24	0.04	0.00010791
141.28	0.04	-0.00007692
141.32	0.04	0.00012090
141.36	0.04	-0.00029261
141.40	0.04	-0.00044806
141.44	0.04	0.00036805
141.48	0.04	0.00188237
141.52	0.04	0.00208965
141.56	0.04	0.00016080
141.60	0.04	-0.00005870
141.64	0.04	0.00088292
141.68	0.04	0.00061205
141.72	0.04	0.00060060
141.76	0.04	0.00257988
141.80	0.04	0.00103383
141.84	0.04	-0.00014323
141.88	0.04	0.00001422
141.92	0.04	0.00058129
141.96	0.04	0.00163657
142.00	0.04	0.00126295
142.04	0.04	0.00083466
142.08	0.04	-0.00072875
142.12	0.04	-0.00012031
142.16	0.04	-0.00023139
142.20	0.04	0.00010720
142.24	0.04	0.00065034
142.28	0.04	0.00094748
142.32	0.04	0.00018195
142.36	0.04	0.00122512
142.40	0.04	0.00105766
142.44	0.04	0.00104287
142.48	0.04	0.00071399
142.52	0.04	0.00064496
142.56	0.04	0.00063256
142.60	0.04	0.00106741
142.64	0.04	0.00205723
142.68	0.04	0.00248866
142.72	0.04	0.00305096
142.76	0.04	0.00229950
142.80	0.04	0.00173879
142.84	0.04	0.00214850
142.88	0.04	0.00246367
142.92	0.04	0.00158034
142.96	0.04	0.00492738
143.00	0.04	0.00179751
143.04	0.04	0.00149752
143.08	0.04	0.00123049
143.12	0.04	0.00168943
143.16	0.04	0.00142965
143.20	0.04	0.00066972
143.24	0.04	0.00088724
143.28	0.04	0.00109392
143.32	0.04	0.00103230
143.36	0.04	0.00106055
143.40	0.04	-0.00022784
143.44	0.04	0.00023630
143.48	0.04	0.00086820
143.52	0.04	0.00089785
143.56	0.04	0.00068347
143.60	0.04	0.00096829
143.64	0.04	0.00052685
143.68	0.04	0.00075387
143.72	0.04	0.00022628
143.76	0.04	-0.00000407
143.80	0.04	0.00016068
143.84	0.04	0.00094652
143.88	0.04	0.00096683
143.92	0.04	0.00070922
143.96	0.04	0.00091642
144.00	0.04	0.00030958
144.04	0.04	-0.00001611
144.08	0.04	0.00039767
144.12	0.04	0.00181820
144.16	0.04	-0.00014678
144.20	0.04	0.00003797
144.24	0.04	0.00022239
144.28	0.04	-0.00000945
144.32	0.04	0.00017621
144.36	0.04	-0.00026870
144.40	0.04	-0.00000568
144.44	0.04	0.00098106
144.48	0.04	0.00132446
144.52	0.04	0.00153736
144.56	0.04	0.00083437
144.60	0.04	0.00063860
144.64	0.04	0.00038272
144.68	0.04	0.00007593
144.72	0.04	0.00117808
144.76	0.04	0.00226906
144.80	0.04	0.00090314
144.84	0.04	0.00126470
144.88	0.04	0.00101941
144.92	0.04	0.00101416
144.96	0.04	0.00110459
145.00	0.04	0.00042628
145.04	0.04	0.00245615
145.08	0.04	0.00122548
145.12	0.04	0.00056617
145.16	0.04	0.00066224
145.20	0.04	0.00007549
145.24	0.04	-0.00051575
145.28	0.04	0.00087579
145.32	0.04	0.00124159
145.36	0.04	0.00014669
145.40	0.04	-0.00004241
145.44	0.04	0.00003007
145.48	0.04	0.00176203
145.52	0.04	0.00130123
145.56	0.04	0.00048377
145.60	0.04	0.00081788
145.64	0.04	0.00091871
145.68	0.04	0.00010685
145.72	0.04	-0.00046147
145.76	0.04	0.00128042
145.80	0.04	0.00190295
145.84	0.04	0.00206420
145.88	0.04	0.00193607
145.92	0.04	0.00394492
145.96	0.04	0.00513129
146.00	0.04	0.00506626
146.04	0.04	0.00558901
146.08	0.04	0.00458732
146.12	0.04	0.00439616
146.16	0.04	0.00452623
146.20	0.04	0.00463108
146.24	0.04	0.00503747
146.28	0.04	0.00381962
146.32	0.04	0.00363416
146.36	0.04	0.00289092
146.40	0.04	0.00252163
146.44	0.04	0.00233134
146.48	0.04	0.00264374
146.52	0.04	0.00172930
146.56	0.04	0.00193157
146.60	0.04	0.00229392
146.64	0.04	0.00243334
146.68	0.04	0.00252435
146.72	0.04	0.00188035
146.76	0.04	0.00204875
146.80	0.04	0.00105933
146.84	0.04	0.00095531
146.88	0.04	-0.00016677
146.92	0.04	0.00244781
146.96	0.04	0.00277920
147.00	0.04	0.00215929
147.04	0.04	0.00308893
147.08	0.04	0.00449433
147.12	0.04	0.00410575
147.16	0.04	0.00347970
147.20	0.04	0.00330442
147.24	0.04	0.00322878
147.28	0.04	0.00262500
147.32	0.04	0.00191730
147.36	0.04	0.00413786
147.40	0.04	0.00346982
147.44	0.04	0.00321031
147.48	0.04	0.00236878
147.52	0.04	0.00253866
147.56	0.04	0.00232339
147.60	0.04	0.00259942
147.64	0.04	0.00285779
147.68	0.04	0.00069232
147.72	0.04	-0.00046031
147.76	0.04	0.00050809
147.80	0.04	0.00129280
147.84	0.04	0.00175668
147.88	0.04	0.00169678
147.92	0.04	0.00112335
147.96	0.04	0.00256894
148.00	0.04	0.00231246
148.04	0.04	0.00222502
148.08	0.04	0.00233293
148.12	0.04	0.00188550
148.16	0.04	0.00138128
148.20	0.04	0.00048411
148.24	0.04	0.00184120
148.28	0.04	0.00248980
148.32	0.04	0.00404591
148.36	0.04	0.00361167
148.40	0.04	0.00308033
148.44	0.04	0.00258090
148.48	0.04	0.00238951
148.52	0.04	0.00243600
148.56	0.04	0.00287407
148.60	0.04	0.00385113
148.64	0.04	0.00177793
148.68	0.04	0.00240923
148.72	0.04	0.00281663
148.76	0.04	0.00299977
148.80	0.04	0.00319319
148.84	0.04	0.00138561
148.88	0.04	0.00090553
148.92	0.04	0.00096277
148.96	0.04	0.00064397
149.00	0.04	0.00101772
149.04	0.04	0.00021865
149.08	0.04	-0.00048366
149.12	0.04	0.00095560
149.16	0.04	0.00080990
149.20	0.04	0.00098464
149.24	0.04	0.00073671
149.28	0.04	0.00060902
149.32	0.04	0.00098561
149.36	0.04	0.00034574
149.40	0.04	0.00148491
149.44	0.04	0.00233195
149.48	0.04	0.00183922
149.52	0.04	0.00189999
149.56	0.04	0.00234000
149.60	0.04	0.00083841
149.64	0.04	0.00062493
149.68	0.04	0.00108799
149.72	0.04	0.00348288
149.76	0.04	0.00286314
149.80	0.04	0.00267786
149.84	0.04	0.00197511
149.88	0.04	0.00152036
149.92	0.04	0.00042812
149.96	0.04	0.00089094
150.00	0.04	0.00165087
150.04	0.04	0.00013094
150.08	0.04	-0.00017720
150.12	0.04	-0.00057358
150.16	0.04	0.00024705
150.20	0.04	-0.00133426
150.24	0.04	0.00000513
150.28	0.04	0.00018248
150.32	0.04	0.00057222
150.36	0.04	-0.00034535
150.40	0.04	-0.00042541
150.44	0.04	-0.00015308
150.48	0.04	-0.00112999
150.52	0.04	0.00020086
150.56	0.04	0.00068223
150.60	0.04	0.00180220
150.64	0.04	0.00117217
150.68	0.04	0.00140065
150.72	0.04	0.00312356
150.76	0.04	0.00021542
150.80	0.04	0.00039805
150.84	0.04	-0.00026283
150.88	0.04	0.00228894
150.92	0.04	0.00073013
150.96	0.04	0.00085534
151.00	0.04	0.00222166
151.04	0.04	0.00194325
151.08	0.04	0.00228611
151.12	0.04	0.00202612
151.16	0.04	0.00000575
151.20	0.04	0.00059631
151.24	0.04	0.00120459
151.28	0.04	-0.00011799
151.32	0.04	0.00154372
151.36	0.04	0.00020763
151.40	0.04	0.00086137
151.44	0.04	-0.00091637
151.48	0.04	0.00025878
151.52	0.04	-0.00019779
151.56	0.04	-0.00008252
151.60	0.04	-0.00136521
151.64	0.04	0.00034801
151.68	0.04	0.00125357
151.72	0.04	0.00011027
151.76	0.04	0.00107711
151.80	0.04	0.00278355
151.84	0.04	0.00406118
151.88	0.04	0.00287144
151.92	0.04	-0.00003670
151.96	0.04	0.00007050
152.00	0.04	0.00015037
152.04	0.04	0.00324000
152.08	0.04	0.00464169
152.12	0.04	0.00523877
152.16	0.04	0.00421450
152.20	0.04	0.00351283
152.24	0.04	0.00310338
152.28	0.04	0.00421572
152.32	0.04	0.00280156
152.36	0.04	0.00225778
152.40	0.04	0.00167531
152.44	0.04	0.00189383
152.48	0.04	0.00115607
152.52	0.04	0.00138650
152.56	0.04	0.00183995
152.60	0.04	0.00152456
152.64	0.04	0.00103466
152.68	0.04	0.00248909
152.72	0.04	0.00183720
152.76	0.04	0.00183173
152.80	0.04	0.00110546
152.84	0.04	0.00049013
152.88	0.04	-0.00000943
152.92	0.04	0.00168058
152.96	0.04	0.00178461
153.00	0.04	0.00180133
153.04	0.04	0.00324867
153.08	0.04	0.00284340
153.12	0.04	0.00157883
153.16	0.04	0.00203091
153.20	0.04	0.00153547
153.24	0.04	0.00095861
153.28	0.04	0.00240673
153.32	0.04	0.00171238
153.36	0.04	0.00108731
153.40	0.04	0.00133283
153.44	0.04	0.00124482
153.48	0.04	0.00258503
153.52	0.04	0.00175746
153.56	0.04	0.00189269
153.60	0.04	0.00165825
153.64	0.04	0.00180252
153.68	0.04	-0.00185133
153.72	0.04	-0.00165792
153.76	0.04	-0.00171054
153.80	0.04	0.00058895
153.84	0.04	0.00315836
153.88	0.04	0.00300569
153.92	0.04	0.00218079
153.96	0.04	-0.00076535
154.00	0.04	-0.00057157
154.04	0.04	0.00001439
154.08	0.04	0.00047768
154.12	0.04	0.00160249
154.16	0.04	0.00084990
154.20	0.04	0.00057433
154.24	0.04	0.00126226
154.28	0.04	0.00175103
154.32	0.04	0.00161509
154.36	0.04	-0.00027280
154.40	0.04	0.00526227
154.44	0.04	0.00401127
154.48	0.04	0.00331013
154.52	0.04	0.00277896
154.56	0.04	0.00317954
154.60	0.04	0.00356336
154.64	0.04	0.00288638
154.68	0.04	0.00238534
154.72	0.04	-0.00178373
154.76	0.04	-0.00214739
154.80	0.04	0.00004828
154.84	0.04	0.00138007
154.88	0.04	-0.00043345
154.92	0.04	-0.00017644
154.96	0.04	-0.00044025
155.00	0.04	-0.00088925
155.04	0.04	-0.00071161
155.08	0.04	-0.00266712
155.12	0.04	0.00117500
155.16	0.04	0.00215173
155.20	0.04	0.00032118
155.24	0.04	-0.00017178
155.28	0.04	0.00024736
155.32	0.04	0.00135963
155.36	0.04	0.00115765
155.40	0.04	0.00245425
155.44	0.04	0.00252235
155.48	0.04	0.00248068
155.52	0.04	0.00267142
155.56	0.04	0.00314926
155.60	0.04	0.00463399
155.64	0.04	0.00370658
155.68	0.04	0.00302460
155.72	0.04	0.00377952
155.76	0.04	0.00371115
155.80	0.04	0.00366359
155.84	0.04	0.00265453
155.88	0.04	0.00133073
155.92	0.04	0.00029603
155.96	0.04	-0.00010477
156.00	0.04	-0.00091732
156.04	0.04	-0.00125240
156.08	0.04	-0.00282473
156.12	0.04	-0.00227198
156.16	0.04	-0.00135693
156.20	0.04	-0.00092714
156.24	0.04	-0.00136995
156.28	0.04	-0.00108876
156.32	0.04	0.00153437
156.36	0.04	0.00127180
156.40	0.04	0.00078413
156.44	0.04	0.00062273
156.48	0.04	0.00475729
156.52	0.04	0.00534721
156.56	0.04	0.00526238
156.60	0.04	0.00465449
156.64	0.04	0.00338548
156.68	0.04	0.00278179
156.72	0.04	0.00089572
156.76	0.04	0.00170576
156.80	0.04	0.00319852
156.84	0.04	0.00331090
156.88	0.04	0.00362736
156.92	0.04	0.00393592
156.96	0.04	0.00375419
157.00	0.04	0.00244118
157.04	0.04	0.00386961
157.08	0.04	0.00309421
157.12	0.04	0.00192977
157.16	0.04	0.00179922
157.20	0.04	0.00116718
157.24	0.04	0.00157384
157.28	0.04	0.00166650
157.32	0.04	0.00199480
157.36	0.04	0.00217557
157.40	0.04	0.00163580
157.44	0.04	0.00116644
157.48	0.04	0.00193054
157.52	0.04	0.00305526
157.56	0.04	0.00279396
157.60	0.04	0.00526640
157.64	0.04	0.00380401
157.68	0.04	0.00263532
157.72	0.04	0.00052171
157.76	0.04	0.00281988
157.80	0.04	0.00056673
157.84	0.04	0.00026155
157.88	0.04	0.00147883
157.92	0.04	0.00131992
157.96	0.04	0.00109121
158.00	0.04	0.00156542
158.04	0.04	0.00559178
158.08	0.04	0.00243158
158.12	0.04	0.00189130
158.16	0.04	0.00159946
158.20	0.04	0.00725999
158.24	0.04	0.00174913
158.28	0.04	0.00076357
158.32	0.04	0.00392138
158.36	0.04	0.00753236
158.40	0.04	0.00123027
158.44	0.04	-0.00057153
158.48	0.04	0.00030110
158.52	0.04	0.00001109
158.56	0.04	0.00024379
158.60	0.04	-0.00024033
158.64	0.04	-0.00027615
158.68	0.04	-0.00081471
158.72	0.04	-0.00188893
158.76	0.04	-0.00083583
158.80	0.04	0.00048968
158.84	0.04	-0.00074669
158.88	0.04	-0.00035504
158.92	0.04	0.00122378
158.96	0.04	0.00100321
159.00	0.04	-0.00024858
159.04	0.04	-0.00077237
159.08	0.04	0.00018631
159.12	0.04	0.00387716
159.16	0.04	0.00196388
159.20	0.04	-0.00010131
159.24	0.04	-0.00032508
159.28	0.04	-0.00222431
159.32	0.04	-0.00194600
159.36	0.04	-0.00295822
159.40	0.04	0.00615440
159.44	0.04	0.00410289
159.48	0.04	0.00133954
159.52	0.04	-0.00024579
159.56	0.04	0.00024158
159.60	0.04	-0.00074498
159.64	0.04	0.00007613
159.68	0.04	-0.00050354
159.72	0.04	0.00003378
159.76	0.04	0.00034645
159.80	0.04	-0.00109120
159.84	0.04	-0.00141423
159.88	0.04	0.00072420
159.92	0.04	0.00302072
159.96	0.04	0.00298878
160.00	0.04	0.00332592
160.04	0.04	0.00297658
160.08	0.04	0.00402775
160.12	0.04	0.00426591
160.16	0.04	0.00539060
160.20	0.04	0.00444014
160.24	0.04	0.00342457
160.28	0.04	0.00336974
160.32	0.04	0.00455822
160.36	0.04	0.00420868
160.40	0.04	0.00530277
160.44	0.04	0.00286899
160.48	0.04	0.00239032
160.52	0.04	0.00300808
160.56	0.04	0.00219004
160.60	0.04	0.00496567
160.64	0.04	0.00102958
160.68	0.04	0.00196969
160.72	0.04	0.00066875
160.76	0.04	0.00202297
160.80	0.04	0.00171466
160.84	0.04	0.00180410
160.88	0.04	0.00211710
160.92	0.04	0.00343754
160.96	0.04	0.00235163
161.00	0.04	0.00268414
161.04	0.04	0.00176878
161.08	0.04	0.00119189
161.12	0.04	-0.00046979
161.16	0.04	-0.00022214
161.20	0.04	-0.00002018
161.24	0.04	0.00109554
161.28	0.04	0.00021373
161.32	0.04	0.00271518
161.36	0.04	0.00270531
161.40	0.04	0.00190801
161.44	0.04	0.00100428
161.48	0.04	0.00135714
161.52	0.04	0.00241775
161.56	0.04	-0.00120528
161.60	0.04	-0.00084950
161.64	0.04	-0.00055711
161.68	0.04	-0.00239984
161.72	0.04	0.00096955
161.76	0.04	0.00628715
161.80	0.04	0.00358796
161.84	0.04	0.00062770
161.88	0.04	0.00045495
161.92	0.04	0.00006279
161.96	0.04	0.00029971
162.00	0.04	0.00008580
162.04	0.04	-0.00009511
162.08	0.04	0.00185342
162.12	0.04	0.00035648
162.16	0.04	0.00016679
162.20	0.04	0.00042229
162.24	0.04	-0.00018971
162.28	0.04	-0.00051195
162.32	0.04	0.00095021
162.36	0.04	0.00003651
162.40	0.04	-0.00072179
162.44	0.04	-0.00156144
162.48	0.04	-0.00084973
162.52	0.04	-0.00134797
162.56	0.04	-0.00090303
162.60	0.04	0.00176621
162.64	0.04	-0.00115495
162.68	0.04	0.00018436
162.72	0.04	0.00236080
162.76	0.04	0.00215455
162.80	0.04	0.00061590
162.84	0.04	0.00029818
162.88	0.04	0.00042558
162.92	0.04	0.00066913
162.96	0.04	0.00386175
163.00	0.04	-0.00018662
163.04	0.04	-0.00063636
163.08	0.04	-0.00092609
163.12	0.04	-0.00006242
163.16	0.04	0.00111344
163.20	0.04	0.00050770
163.24	0.04	0.00043505
163.28	0.04	-0.00062394
163.32	0.04	0.00025424
163.36	0.04	0.00046326
163.40	0.04	-0.00160060
163.44	0.04	0.00276355
163.48	0.04	0.00092281
163.52	0.04	0.00091537
163.56	0.04	0.00026389
163.60	0.04	0.00023393
163.64	0.04	0.00034753
163.68	0.04	-0.00009457
163.72	0.04	0.00064991
163.76	0.04	0.00009001
163.80	0.04	0.00067328
163.84	0.04	-0.00123770
163.88	0.04	0.00088587
163.92	0.04	0.00092238
163.96	0.04	0.00052983
164.00	0.04	0.00095479
164.04	0.04	0.00040587
164.08	0.04	0.00192428
164.12	0.04	0.00271146
164.16	0.04	0.00569172
164.20	0.04	0.00064826
164.24	0.04	0.00080049
164.28	0.04	0.00016599
164.32	0.04	-0.00075808
164.36	0.04	0.00137603
164.40	0.04	-0.00083479
164.44	0.04	0.00130640
164.48	0.04	0.00031976
164.52	0.04	0.00025960
164.56	0.04	-0.00019728
164.60	0.04	-0.00017006
164.64	0.04	-0.00038292
164.68	0.04	0.00035216
164.72	0.04	0.00020711
164.76	0.04	0.00178786
164.80	0.04	0.00246343
164.84	0.04	0.00301411
164.88	0.04	0.00233971
164.92	0.04	-0.00003719
164.96	0.04	0.00015943
165.00	0.04	0.00085483
165.04	0.04	0.00245319
165.08	0.04	0.00266330
165.12	0.04	0.00303833
165.16	0.04	0.00298098
165.20	0.04	0.00268898
165.24	0.04	0.00117592
165.28	0.04	0.00087377
165.32	0.04	0.00483395
165.36	0.04	0.00249061
165.40	0.04	0.00304968
165.44	0.04	0.00226020
165.48	0.04	0.00233249
165.52	0.04	0.00244439
165.56	0.04	0.00300568
165.60	0.04	0.00232522
165.64	0.04	0.00217718
165.68	0.04	0.00220355
165.72	0.04	0.00190144
165.76	0.04	0.00199137
165.80	0.04	0.00296823
165.84	0.04	0.00233275
165.88	0.04	0.00222774
165.92	0.04	0.00169242
165.96	0.04	0.00252390
166.00	0.04	0.00319536
166.04	0.04	0.00229281
166.08	0.04	0.00186493
166.12	0.04	0.00086789
166.16	0.04	0.00105422
166.20	0.04	0.00329097
166.24	0.04	0.00207387
166.28	0.04	0.00198266
166.32	0.04	0.00225847
166.36	0.04	0.00223747
166.40	0.04	0.00252418
166.44	0.04	0.00240742
166.48	0.04	0.00475741
166.52	0.04	0.00380951
166.56	0.04	0.00090673
166.60	0.04	0.00037237
166.64	0.04	0.00087273
166.68	0.04	0.00003681
166.72	0.04	0.00007258
166.76	0.04	0.00018804
166.80	0.04	0.00190812
166.84	0.04	0.00238249
166.88	0.04	0.00315175
166.92	0.04	0.00242939
166.96	0.04	0.00218954
167.00	0.04	0.00209419
167.04	0.04	0.00109495
167.08	0.04	0.00041018
167.12	0.04	0.00053791
167.16	0.04	0.00092171
167.20	0.04	0.00034415
167.24	0.04	0.00047255
167.28	0.04	0.00024704
167.32	0.04	0.00039802
167.36	0.04	0.00053365
167.40	0.04	0.00168444
167.44	0.04	0.00145435
167.48	0.04	0.00244165
167.52	0.04	0.00181442
167.56	0.04	0.00200496
167.60	0.04	0.00134124
167.64	0.04	0.00088544
167.68	0.04	0.00316481
167.72	0.04	0.00257193
167.76	0.04	0.00077056
167.80	0.04	0.00018184
167.84	0.04	-0.00016989
167.88	0.04	-0.00041415
167.92	0.04	-0.00031102
167.96	0.04	0.00065822
168.00	0.04	0.00114546
168.04	0.04	0.00180795
168.08	0.04	0.00186058
168.12	0.04	0.00136328
168.16	0.04	0.00153415
168.20	0.04	0.00181902
168.24	0.04	0.00128030
168.28	0.04	0.00130849
168.32	0.04	0.00120344
168.36	0.04	0.00097991
168.40	0.04	0.00142955
168.44	0.04	0.00100442
168.48	0.04	0.00036153
168.52	0.04	0.00025629
168.56	0.04	-0.00031625
168.60	0.04	-0.00024092
168.64	0.04	0.00002807
168.68	0.04	0.00033974
168.72	0.04	-0.00005143
168.76	0.04	0.00029694
168.80	0.04	0.00008269
168.84	0.04	0.00098910
168.88	0.04	0.00104239
168.92	0.04	-0.00010917
168.96	0.04	0.00018688
169.00	0.04	0.00045682
169.04	0.04	-0.00020683
169.08	0.04	0.00027439
169.12	0.04	0.00020295
169.16	0.04	-0.00013805
169.20	0.04	0.00012296
169.24	0.04	0.00056780
169.28	0.04	0.00010588
169.32	0.04	-0.00018125
169.36	0.04	0.00054690
169.40	0.04	0.00009646
169.44	0.04	0.00013422
169.48	0.04	0.00060792
169.52	0.04	0.00053209
169.56	0.04	0.00119375
169.60	0.04	0.00089172
169.64	0.04	0.00021961
169.68	0.04	0.00104489
169.72	0.04	0.00100629
169.76	0.04	0.00031344
169.80	0.04	0.00064478
169.84	0.04	0.00024297
169.88	0.04	0.00018324
169.92	0.04	0.00007331
169.96	0.04	-0.00027424
170.00	0.04	0.00052023
170.04	0.04	0.00191657
170.08	0.04	0.00033779
170.12	0.04	0.00023463
170.16	0.04	0.00027201
170.20	0.04	0.00019772
170.24	0.04	0.00016814
170.28	0.04	0.00039652
170.32	0.04	-0.00009164
170.36	0.04	0.00019140
170.40	0.04	0.00016816
170.44	0.04	0.00018883
170.48	0.04	0.00010067
170.52	0.04	-0.00010330
170.56	0.04	0.00017480
170.60	0.04	0.00002628
170.64	0.04	0.00053970
170.68	0.04	0.00028530
170.72	0.04	0.00019659
170.76	0.04	0.00034931
170.80	0.04	0.00033515
170.84	0.04	0.00028984
170.88	0.04	0.00023066
170.92	0.04	0.00107018
170.96	0.04	0.00064720
171.00	0.04	0.00062287
171.04	0.04	0.00058567
171.08	0.04	0.00048927
171.12	0.04	0.00000604
171.16	0.04	0.00048862
171.20	0.04	0.00169309
171.24	0.04	0.00041713
171.28	0.04	0.00011793
171.32	0.04	0.00012340
171.36	0.04	-0.00004557
171.40	0.04	0.00002866
171.44	0.04	-0.00012424
171.48	0.04	0.00020936
171.52	0.04	0.00024058
171.56	0.04	0.00007980
171.60	0.04	0.00023780
171.64	0.04	0.00000097
171.68	0.04	0.00030589
171.72	0.04	0.00065506
171.76	0.04	0.00004042
171.80	0.04	-0.00043250
171.84	0.04	0.00009109
171.88	0.04	-0.00020602
171.92	0.04	-0.00004684
171.96	0.04	0.00001008
172.00	0.04	0.00001369
172.04	0.04	0.00023583
172.08	0.04	0.00035364
172.12	0.04	0.00019567
172.16	0.04	0.00023544
172.20	0.04	0.00039531
172.24	0.04	0.00042759
172.28	0.04	0.00029226
172.32	0.04	0.00002077
172.36	0.04	0.00081558
172.40	0.04	0.00001405
172.44	0.04	0.00002662
172.48	0.04	-0.00003430
172.52	0.04	-0.00010523
172.56	0.04	-0.00001817
172.60	0.04	-0.00007106
172.64	0.04	0.00013144
172.68	0.04	0.00004833
172.72	0.04	0.00011155
172.76	0.04	-0.00001773
172.80	0.04	0.00006272
172.84	0.04	-0.00008453
172.88	0.04	-0.00003194
172.92	0.04	0.00002176
172.96	0.04	0.00006634
173.00	0.04	0.00008905
173.04	0.04	-0.00006731
173.08	0.04	-0.00005079
173.12	0.04	0.00010895
173.16	0.04	-0.00002208
173.20	0.04	-0.00008270
173.24	0.04	0.00009772
173.28	0.04	-0.00038525
173.32	0.04	0.00004474
173.36	0.04	0.00010977
173.40	0.04	-0.00007946
173.44	0.04	-0.00013950
173.48	0.04	-0.00017887
173.52	0.04	-0.00017364
173.56	0.04	0.00005816
173.60	0.04	-0.00002007
173.64	0.04	-0.00001106
173.68	0.04	-0.00006467
173.72	0.04	-0.00008302
173.76	0.04	-0.00002638
173.80	0.04	0.00004607
173.84	0.04	0.00005349
173.88	0.04	0.00003183
173.92	0.04	0.00008783
173.96	0.04	0.00026471
174.00	0.04	0.00014640
174.04	0.04	-0.00003552
174.08	0.04	0.00002103
174.12	0.04	0.00009136
174.16	0.04	0.00009446
174.20	0.04	-0.00004721
174.24	0.04	0.00016173
174.28	0.04	0.00004429
174.32	0.04	0.00005971
174.36	0.04	0.00002173
174.40	0.04	-0.00001212
174.44	0.04	-0.00002530
174.48	0.04	-0.00002049
174.52	0.04	-0.00022186
174.56	0.04	-0.00002413
174.60	0.04	-0.00009462
174.64	0.04	-0.00004078
174.68	0.04	-0.00005924
174.72	0.04	-0.00014117
174.76	0.04	-0.00022357
174.80	0.04	-0.00007635
174.84	0.04	-0.00022248
174.88	0.04	-0.00012061
174.92	0.04	-0.00016104
174.96	0.04	-0.00009532
175.00	0.04	-0.00006697
175.04	0.04	-0.00002388
175.08	0.04	-0.00002050
175.12	0.04	0.00000811
175.16	0.04	-0.00005337
175.20	0.04	-0.00007617
175.24	0.04	-0.00001335
175.28	0.04	-0.00006168
175.32	0.04	-0.00003349
175.36	0.04	-0.00001472
175.40	0.04	0.00001443
175.44	0.04	-0.00008077
175.48	0.04	0.00003411
175.52	0.04	0.00005718
175.56	0.04	0.00000577
175.60	0.04	-0.00001430
175.64	0.04	0.00000774
175.68	0.04	-0.00004661
175.72	0.04	0.00007697
175.76	0.04	0.00005722
175.80	0.04	0.00008143
175.84	0.04	-0.00008739
175.88	0.04	-0.00009951
175.92	0.04	-0.00000125
175.96	0.04	0.00000257
176.00	0.04	-0.00004344
176.04	0.04	0.00000689
176.08	0.04	0.00003183
176.12	0.04	-0.00000154
176.16	0.04	0.00006941
176.20	0.04	0.00000865
176.24	0.04	0.00000705
176.28	0.04	0.00000766
176.32	0.04	0.00001150
176.36	0.04	-0.00003493
176.40	0.04	0.00003166
176.44	0.04	-0.00000985
176.48	0.04	0.00001230
176.52	0.04	0.00002792
176.56	0.04	0.00000792
176.60	0.04	0.00002678
176.64	0.04	0.00000218
176.68	0.04	0.00000766
176.72	0.04	-0.00002189
176.76	0.04	-0.00000253
176.80	0.04	-0.00000387
176.84	0.04	-0.00001573
176.88	0.04	-0.00000554
176.92	0.04	0.00001025
176.96	0.04	-0.00001312
177.00	0.04	0.00000232
177.04	0.04	0.00001753
177.08	0.04	-0.00000042
177.12	0.04	-0.00000171
177.16	0.04	0.00000340
177.20	0.04	0.00000670
177.24	0.04	-0.00001732
177.28	0.04	0.00001057
177.32	0.04	-0.00002000
177.36	0.04	0.00000004
177.40	0.04	-0.00001674
177.44	0.04	-0.00001281
177.48	0.04	-0.00001706
177.52	0.04	-0.00001479
177.56	0.04	-0.00000155
177.60	0.04	0.00000037
177.64	0.04	0.00000538
177.68	0.04	-0.00001170
177.72	0.04	-0.00000098
177.76	0.04	0.00001068
177.80	0.04	0.00000747
177.84	0.04	0.00001822
177.88	0.04	0.00000154
177.92	0.04	0.00000155
177.96	0.04	-0.00001056
178.00	0.04	-0.00000684
178.04	0.04	-0.00000998
178.08	0.04	0.00000958
178.12	0.04	-0.00001527
178.16	0.04	0.00000402
178.20	0.04	-0.00000027
178.24	0.04	-0.00001024
178.28	0.04	0.00001536
178.32	0.04	-0.00000519
178.36	0.04	-0.00002506
178.40	0.04	0.00000667
178.44	0.04	0.00000870
178.48	0.04	0.00001400
178.52	0.04	-0.00000798
178.56	0.04	-0.00000295
178.60	0.04	-0.00000185
178.64	0.04	0.00000648
178.68	0.04	0.00000761
178.72	0.04	0.00000109
178.76	0.04	0.00000031
178.80	0.04	0.00000977
178.84	0.04	-0.00000281
178.88	0.04	0.00000381
178.92	0.04	0.00000078
178.96	0.04	-0.00000100
179.00	0.04	-0.00000338
179.04	0.04	0.00000558
179.08	0.04	0.00000932
179.12	0.04	0.00002006
179.16	0.04	0.00000050
179.20	0.04	0.00000334
179.24	0.04	0.00001702
179.28	0.04	0.00001663
179.32	0.04	-0.00001355
179.36	0.04	-0.00000379
179.40	0.04	-0.00001658
179.44	0.04	-0.00001492
179.48	0.04	-0.00001062
179.52	0.04	-0.00002976
179.56	0.04	0.00000901
179.60	0.04	0.00000309
179.64	0.04	0.00000151
179.68	0.04	0.00004433
179.72	0.04	-0.00000924
179.76	0.04	0.00000398
179.80	0.04	-0.00003361
179.84	0.04	0.00000397
179.88	0.04	0.00000380
179.92	0.04	0.00000793
179.96	0.04	-0.00000134
180.00	0.04	-0.00000136
180.04	0.04	0.00000790
180.08	0.04	-0.00000249
180.12	0.04	-0.00000182
180.16	0.04	-0.00000112
180.20	0.04	-0.00000089
180.24	0.04	0.00000193
180.28	0.04	0.00000020
180.32	0.04	-0.00000776
180.36	0.04	0.00000128
180.40	0.04	-0.00000040
180.44	0.04	-0.00000534
180.48	0.04	0.00000345
180.52	0.04	-0.00000522
180.56	0.04	0.00000402
180.60	0.04	0.00000067
180.64	0.04	-0.00000467
180.68	0.04	0.00000436
180.72	0.04	-0.00001236
180.76	0.04	-0.00000147
180.80	0.04	-0.00000785
180.84	0.04	-0.00000165
180.88	0.04	0.00000063
180.92	0.04	0.00000153
180.96	0.04	0.00000589
181.00	0.04	0.00000343
181.04	0.04	0.00000061
181.08	0.04	0.00000561
181.12	0.04	-0.00000352
181.16	0.04	0.00000292
181.20	0.04	-0.00001219
181.24	0.04	0.00000194
181.28	0.04	-0.00001228
181.32	0.04	-0.00000421
181.36	0.04	-0.00000015
181.40	0.04	-0.00000100
181.44	0.04	-0.00000090
181.48	0.04	0.00000254
181.52	0.04	-0.00000283
181.56	0.04	-0.00000107
181.60	0.04	0.00000161
181.64	0.04	-0.00000294
181.68	0.04	-0.00000211
181.72	0.04	0.00000600
181.76	0.04	0.00000644
181.80	0.04	-0.00000192
181.84	0.04	0.00000715
181.88	0.04	-0.00000022
181.92	0.04	-0.00000064
181.96	0.04	-0.00000240
182.00	0.04	-0.00000188
182.04	0.04	-0.00000504
182.08	0.04	0.00000367
182.12	0.04	0.00000296
182.16	0.04	-0.00000276
182.20	0.04	0.00000397
182.24	0.04	-0.00000500
182.28	0.04	0.00000868
182.32	0.04	-0.00000227
182.36	0.04	-0.00000510
182.40	0.04	-0.00000740
182.44	0.04	-0.00000151
182.48	0.04	-0.00000221
182.52	0.04	0.00000465
182.56	0.04	0.00000456
182.60	0.04	0.00000138
182.64	0.04	-0.00000723
182.68	0.04	0.00000127
182.72	0.04	-0.00000330
182.76	0.04	-0.00000417
182.80	0.04	0.00000431
182.84	0.04	-0.00000507
182.88	0.04	0.00000476
182.92	0.04	-0.00000279
182.96	0.04	0.00000689
183.00	0.04	-0.00000247
183.04	0.04	-0.00000702
183.08	0.04	-0.00001086
183.12	0.04	0.00000161
183.16	0.04	0.00000639
183.20	0.04	0.00000150
183.24	0.04	-0.00000273
183.28	0.04	-0.00000665
183.32	0.04	-0.00000259
183.36	0.04	0.00000952
183.40	0.04	-0.00001189
183.44	0.04	-0.00000875
183.48	0.04	0.00000911
183.52	0.04	-0.00000118
183.56	0.04	-0.00000390
183.60	0.04	0.00000606
183.64	0.04	-0.00000482
183.68	0.04	0.00001319
183.72	0.04	0.00001110
183.76	0.04	-0.00000183
183.80	0.04	-0.00001234
183.84	0.04	-0.00000344
183.88	0.04	-0.00000615
183.92	0.04	-0.00001558
183.96	0.04	0.00000230
184.00	0.04	0.00000254
184.04	0.04	0.00000878
184.08	0.04	0.00000068
184.12	0.04	-0.00000663
184.16	0.04	0.00000270
184.20	0.04	-0.00000518
184.24	0.04	0.00001003
184.28	0.04	0.00000481
184.32	0.04	0.00000303
184.36	0.04	-0.00001295
184.40	0.04	0.00000328
184.44	0.04	0.00000246
184.48	0.04	-0.00001168
184.52	0.04	0.00000626
184.56	0.04	-0.00000153
184.60	0.04	-0.00000693
184.64	0.04	0.00000402
184.68	0.04	0.00000491
184.72	0.04	-0.00000263
184.76	0.04	-0.00000166
184.80	0.04	0.00000041
184.84	0.04	0.00000819
184.88	0.04	-0.00000258
184.92	0.04	-0.00000196
184.96	0.04	-0.00000348
185.00	0.04	-0.00000343
185.04	0.04	-0.00000280
185.08	0.04	-0.00001070
185.12	0.04	0.00000123
185.16	0.04	-0.00000115
185.20	0.04	0.00000054
185.24	0.04	-0.00000262
185.28	0.04	0.00000224
185.32	0.04	0.00000459
185.36	0.04	-0.00000251
185.40	0.04	-0.00000297
185.44	0.04	-0.00001152
185.48	0.04	-0.00000120
185.52	0.04	0.00000195
185.56	0.04	-0.00000672
185.60	0.04	-0.00001023
185.64	0.04	-0.00000047
185.68	0.04	0.00000037
185.72	0.04	0.00000542
185.76	0.04	0.00000654
185.80	0.04	0.00000739
185.84	0.04	0.00000397
185.88	0.04	0.00000041
185.92	0.04	-0.00000984
185.96	0.04	-0.00000079
186.00	0.04	0.00000332
186.04	0.04	0.00000746
186.08	0.04	0.00000497
186.12	0.04	0.00000403
186.16	0.04	-0.00000200
186.20	0.04	-0.00001164
186.24	0.04	0.00000489
186.28	0.04	0.00000141
186.32	0.04	-0.00000346
186.36	0.04	-0.00000128
186.40	0.04	-0.00000125
186.44	0.04	0.00000411
186.48	0.04	0.00000152
186.52	0.04	-0.00000547
186.56	0.04	0.00000247
186.60	0.04	-0.00001027
186.64	0.04	-0.00000004
186.68	0.04	0.00000572
186.72	0.04	-0.00000682
186.76	0.04	0.00000326
186.80	0.04	-0.00000043
186.84	0.04	-0.00000465
186.88	0.04	0.00000209
186.92	0.04	0.00000525
186.96	0.04	-0.00000185
187.00	0.04	-0.00000763
187.04	0.04	-0.00000354
187.08	0.04	-0.00000711
187.12	0.04	-0.00000360
187.16	0.04	0.00000776
187.20	0.04	0.00000066
187.24	0.04	0.00001012
187.28	0.04	0.00001163
187.32	0.04	0.00000632
187.36	0.04	0.00000281
187.40	0.04	-0.00000004
187.44	0.04	-0.00000442
187.48	0.04	0.00001003
187.52	0.04	0.00000473
187.56	0.04	-0.00000544
187.60	0.04	-0.00000455
187.64	0.04	0.00000312
187.68	0.04	0.00000420
187.72	0.04	0.00000478
187.76	0.04	0.00000550
187.80	0.04	-0.00000307
187.84	0.04	-0.00001016
187.88	0.04	-0.00001398
187.92	0.04	-0.00000701
187.96	0.04	-0.00000906
188.00	0.04	-0.00001348
188.04	0.04	0.00000273
188.08	0.04	0.00000133
188.12	0.04	-0.00001002
188.16	0.04	0.00000082
188.20	0.04	0.00000708
188.24	0.04	0.00000509
188.28	0.04	0.00001406
188.32	0.04	0.00000674
188.36	0.04	-0.00001653
188.40	0.04	-0.00000415
188.44	0.04	-0.00000820
188.48	0.04	-0.00001253
188.52	0.04	-0.00000831
188.56	0.04	-0.00000404
188.60	0.04	0.00000508
188.64	0.04	0.00000087
188.68	0.04	-0.00000104
188.72	0.04	0.00000321
188.76	0.04	-0.00000636
188.80	0.04	-0.00000014
188.84	0.04	0.00000269
188.88	0.04	0.00000478
188.92	0.04	0.00000626
188.96	0.04	-0.00000153
189.00	0.04	0.00000118
189.04	0.04	0.00000058
189.08	0.04	0.00000466
189.12	0.04	-0.00000440
189.16	0.04	0.00000558
189.20	0.04	0.00000796
189.24	0.04	0.00000462
189.28	0.04	0.00000201
189.32	0.04	-0.00000937
189.36	0.04	-0.00000140
189.40	0.04	-0.00000371
189.44	0.04	0.00000477
189.48	0.04	-0.00000740
189.52	0.04	0.00000401
189.56	0.04	-0.00000149
189.60	0.04	0.00000340
189.64	0.04	0.00000355
189.68	0.04	-0.00000665
189.72	0.04	-0.00000584
189.76	0.04	-0.00001137
189.80	0.04	0.00000644
189.84	0.04	-0.00000204
189.88	0.04	-0.00000049
189.92	0.04	-0.00000439
189.96	0.04	0.00000553
190.00	0.04	0.00000425
190.04	0.04	-0.00000585
190.08	0.04	-0.00000760
190.12	0.04	-0.00007914
190.16	0.04	0.00002229
190.20	0.04	0.00006254
190.24	0.04	0.00002917
190.28	0.04	-0.00002288
190.32	0.04	0.00002830
190.36	0.04	-0.00008794
190.40	0.04	-0.00001380
190.44	0.04	0.00000285
190.48	0.04	-0.00000688
190.52	0.04	0.00000803
190.56	0.04	0.00006670
190.60	0.04	0.00024348
190.64	0.04	-0.00004044
190.68	0.04	-0.00000497
190.72	0.04	0.00006836
190.76	0.04	-0.00002139
190.80	0.04	-0.00001124
190.84	0.04	-0.00001054
190.88	0.04	-0.00004587
190.92	0.04	-0.00004073
190.96	0.04	-0.00014834
191.00	0.04	0.00001402
191.04	0.04	-0.00002429
191.08	0.04	-0.00003215
191.12	0.04	-0.00008127
191.16	0.04	0.00004181
191.20	0.04	-0.00001475
191.24	0.04	0.00002770
191.28	0.04	0.00010161
191.32	0.04	0.00003948
191.36	0.04	0.00021955
191.40	0.04	0.00016540
191.44	0.04	0.00003109
191.48	0.04	0.00001070
191.52	0.04	0.00004267
191.56	0.04	0.00003108
191.60	0.04	0.00005064
191.64	0.04	0.00007633
191.68	0.04	0.00001057
191.72	0.04	0.00000262
191.76	0.04	0.00005045
191.80	0.04	0.00039396
191.84	0.04	0.00036775
191.88	0.04	-0.00012133
191.92	0.04	-0.00002757
191.96	0.04	0.00005094
192.00	0.04	0.00019351
192.04	0.04	0.00028934
192.08	0.04	-0.00005984
192.12	0.04	0.00004250
192.16	0.04	0.00001944
192.20	0.04	0.00000392
192.24	0.04	-0.00001167
192.28	0.04	-0.00000080
192.32	0.04	0.00002438
192.36	0.04	-0.00000636
192.40	0.04	0.00000073
192.44	0.04	-0.00001329
192.48	0.04	0.00033684
192.52	0.04	-0.00007884
192.56	0.04	-0.00003786
192.60	0.04	-0.00008876
192.64	0.04	0.00016731
192.68	0.04	-0.00000164
192.72	0.04	-0.00004083
192.76	0.04	-0.00002990
192.80	0.04	-0.00026852
192.84	0.04	-0.00004789
192.88	0.04	-0.00008530
192.92	0.04	-0.00004105
192.96	0.04	0.00000066
193.00	0.04	-0.00002401
193.04	0.04	0.00001032
193.08	0.04	-0.00009962
193.12	0.04	0.00014559
193.16	0.04	0.00005795
193.20	0.04	0.00004470
193.24	0.04	0.00004447
193.28	0.04	-0.00002251
193.32	0.04	-0.00006359
193.36	0.04	-0.00001255
193.40	0.04	0.00001829
193.44	0.04	-0.00005350
193.48	0.04	-0.00011127
193.52	0.04	-0.00016146
193.56	0.04	0.00000640
193.60	0.04	-0.00000360
193.64	0.04	-0.00006952
193.68	0.04	0.00026344
193.72	0.04	-0.00002453
193.76	0.04	-0.00002329
193.80	0.04	-0.00000216
193.84	0.04	0.00026088
193.88	0.04	0.00007889
193.92	0.04	0.00005150
193.96	0.04	-0.00029119
194.00	0.04	-0.00006033
194.04	0.04	-0.00000950
194.08	0.04	0.00001136
194.12	0.04	-0.00003687
194.16	0.04	0.00012815
194.20	0.04	-0.00004033
194.24	0.04	-0.00008285
194.28	0.04	-0.00019763
194.32	0.04	-0.00004770
194.36	0.04	0.00005142
194.40	0.04	0.00013142
194.44	0.04	-0.00001990
194.48	0.04	0.00004149
194.52	0.04	0.00004385
194.56	0.04	0.00000724
194.60	0.04	-0.00003971
194.64	0.04	-0.00013020
194.68	0.04	-0.00007520
194.72	0.04	0.00006462
194.76	0.04	0.00003024
194.80	0.04	0.00004545
194.84	0.04	0.00007623
194.88	0.04	0.00028734
194.92	0.04	0.00060290
194.96	0.04	-0.00084153
195.00	0.04	-0.00014445
195.04	0.04	-0.00008684
195.08	0.04	-0.00000912
195.12	0.04	0.00014065
195.16	0.04	-0.00003004
195.20	0.04	0.00039358
195.24	0.04	0.00064039
195.28	0.04	0.00038783
195.32	0.04	0.00005211
195.36	0.04	-0.00008764
195.40	0.04	-0.00016149
195.44	0.04	0.00009993
195.48	0.04	0.00015579
195.52	0.04	0.00000733
195.56	0.04	-0.00004803
195.60	0.04	0.00023291
195.64	0.04	0.00013946
195.68	0.04	0.00048484
195.72	0.04	0.00032063
195.76	0.04	0.00003634
195.80	0.04	0.00011380
195.84	0.04	0.00006739
195.88	0.04	0.00003351
195.92	0.04	0.00002416
195.96	0.04	0.00004150
196.00	0.04	0.00004977
196.04	0.04	0.00000768
196.08	0.04	0.00003278
196.12	0.04	0.00003635
196.16	0.04	0.00002298
196.20	0.04	0.00002203
196.24	0.04	-0.00000261
196.28	0.04	-0.00000943
196.32	0.04	-0.00001028
196.36	0.04	-0.00002817
196.40	0.04	-0.00002660
196.44	0.04	-0.00000812
196.48	0.04	0.00002036
196.52	0.04	0.00014569
196.56	0.04	-0.00001605
196.60	0.04	-0.00000180
196.64	0.04	-0.00003285
196.68	0.04	0.00000116
196.72	0.04	0.00000873
196.76	0.04	-0.00001186
196.80	0.04	-0.00004998
196.84	0.04	0.00003135
196.88	0.04	0.00000526
196.92	0.04	0.00004540
196.96	0.04	0.00000535
197.00	0.04	0.00000961
197.04	0.04	-0.00001464
197.08	0.04	-0.00003687
197.12	0.04	0.00002039
197.16	0.04	-0.00000799
197.20	0.04	-0.00001787
197.24	0.04	-0.00006677
197.28	0.04	-0.00006826
197.32	0.04	0.00018366
197.36	0.04	0.00006932
197.40	0.04	0.00001862
197.44	0.04	0.00012689
197.48	0.04	0.00004081
197.52	0.04	0.00010585
197.56	0.04	-0.00030604
197.60	0.04	-0.00000704
197.64	0.04	0.00000291
197.68	0.04	0.00000259
197.72	0.04	0.00000560
197.76	0.04	-0.00000605
197.80	0.04	-0.00009467
197.84	0.04	-0.00002789
197.88	0.04	-0.00002214
197.92	0.04	0.00001351
197.96	0.04	-0.00009321
198.00	0.04	0.00023221
198.04	0.04	-0.00015446
198.08	0.04	-0.00001256
198.12	0.04	0.00000748
198.16	0.04	-0.00000810
198.20	0.04	-0.00001631
198.24	0.04	-0.00023811
198.28	0.04	-0.00010403
198.32	0.04	0.00000699
198.36	0.04	-0.00002183
198.40	0.04	0.00010940
198.44	0.04	0.00010246
198.48	0.04	-0.00001441
198.52	0.04	0.00008166
198.56	0.04	0.00012713
198.60	0.04	0.00004035
198.64	0.04	0.00000684
198.68	0.04	0.00000343
198.72	0.04	0.00011706
198.76	0.04	0.00001170
198.80	0.04	0.00001090
198.84	0.04	0.00002672
198.88	0.04	0.00006394
198.92	0.04	0.00012497
198.96	0.04	-0.00004312
199.00	0.04	-0.00013050
199.04	0.04	-0.00001982
199.08	0.04	0.00000553
199.12	0.04	-0.00005636
199.16	0.04	-0.00005805
199.20	0.04	0.00005396
199.24	0.04	0.00011269
199.28	0.04	-0.00001139
199.32	0.04	-0.00013855
199.36	0.04	0.00008530
199.40	0.04	-0.00006447
199.44	0.04	-0.00004207
199.48	0.04	0.00000422
199.52	0.04	0.00000072
199.56	0.04	-0.00001928
199.60	0.04	-0.00002760
199.64	0.04	0.00000796
199.68	0.04	0.00000343
199.72	0.04	-0.00000823
199.76	0.04	0.00001612
199.80	0.04	0.00000275
199.84	0.04	-0.00001766
199.88	0.04	-0.00002631
199.92	0.04	-0.00000140
199.96	0.04	-0.00006178
200.00	0.04	-0.00004448
200.04	0.04	-0.00006906
200.08	0.04	-0.00002163
200.12	0.04	0.00001221
200.16	0.04	0.00002243
200.20	0.04	0.00001996
200.24	0.04	-0.00001727
200.28	0.04	-0.00003067
200.32	0.04	-0.00005271
200.36	0.04	0.00012404
200.40	0.04	0.00028427
200.44	0.04	0.00021122
200.48	0.04	0.00004620
200.52	0.04	0.00010372
200.56	0.04	0.00006143
200.60	0.04	0.00005711
200.64	0.04	-0.00003633
200.68	0.04	-0.00006530
200.72	0.04	-0.00022649
200.76	0.04	0.00014101
200.80	0.04	0.00012579
200.84	0.04	0.00006645
200.88	0.04	0.00013376
200.92	0.04	0.00007189
200.96	0.04	-0.00007389
201.00	0.04	0.00030260
201.04	0.04	0.00040720
201.08	0.04	0.00009109
201.12	0.04	0.00032077
201.16	0.04	0.00004239
201.20	0.04	-0.00009790
201.24	0.04	0.00005187
201.28	0.04	0.00026766
201.32	0.04	0.00004416
201.36	0.04	0.00000674
201.40	0.04	-0.00002351
201.44	0.04	-0.00002594
201.48	0.04	0.00011494
201.52	0.04	0.00005651
201.56	0.04	0.00003130
201.60	0.04	0.00000423
201.64	0.04	0.00000543
201.68	0.04	-0.00001191
201.72	0.04	-0.00000027
201.76	0.04	-0.00000949
201.80	0.04	-0.00003579
201.84	0.04	0.00003582
201.88	0.04	-0.00003292
201.92	0.04	0.00017977
201.96	0.04	0.00005465
202.00	0.04	0.00000404
202.04	0.04	0.00002668
202.08	0.04	-0.00002695
202.12	0.04	-0.00000560
202.16	0.04	0.00000385
202.20	0.04	0.00000484
202.24	0.04	0.00000537
202.28	0.04	0.00000081
202.32	0.04	-0.00000847
202.36	0.04	-0.00001441
202.40	0.04	-0.00000009
202.44	0.04	-0.00001252
202.48	0.04	0.00000810
202.52	0.04	0.00000914
202.56	0.04	0.00000220
202.60	0.04	0.00000886
202.64	0.04	-0.00000863
202.68	0.04	0.00000505
202.72	0.04	0.00000074
202.76	0.04	0.00000207
202.80	0.04	0.00000224
202.84	0.04	0.00000981
202.88	0.04	0.00000188
202.92	0.04	-0.00000366
202.96	0.04	0.00000243
203.00	0.04	0.00000655
203.04	0.04	0.00000420
203.08	0.04	0.00000709
203.12	0.04	0.00000391
203.16	0.04	0.00000279
203.20	0.04	0.00000520
203.24	0.04	0.00000261
203.28	0.04	0.00000868
203.32	0.04	0.00000747
203.36	0.04	0.00000900
203.40	0.04	0.00000411
203.44	0.04	0.00000470
203.48	0.04	-0.00000243
203.52	0.04	0.00000109
203.56	0.04	0.00000462
203.60	0.04	0.00000870
203.64	0.04	0.00000400
203.68	0.04	0.00000514
203.72	0.04	0.00001184
203.76	0.04	0.00001747
203.80	0.04	-0.00000630
203.84	0.04	0.00000102
203.88	0.04	0.00000598
203.92	0.04	-0.00000618
203.96	0.04	-0.00000362
204.00	0.04	0.00000265
204.04	0.04	-0.00000050
204.08	0.04	0.00000322
204.12	0.04	0.00000724
204.16	0.04	-0.00000055
204.20	0.04	0.00000625
204.24	0.04	0.00000971
204.28	0.04	0.00000810
204.32	0.04	0.00000343
204.36	0.04	0.00001041
204.40	0.04	0.00000330
204.44	0.04	0.00000714
204.48	0.04	0.00000001
204.52	0.04	0.00000553
204.56	0.04	-0.00000886
204.60	0.04	-0.00000669
204.64	0.04	0.00000340
204.68	0.04	-0.00000492
204.72	0.04	0.00000833
204.76	0.04	0.00000676
204.80	0.04	0.00000425
204.84	0.04	0.00000648
204.88	0.04	0.00000069
204.92	0.04	-0.00000528
204.96	0.04	-0.00000004
205.00	0.04	-0.00000932
205.04	0.04	-0.00000383
205.08	0.04	0.00001142
205.12	0.04	0.00000141
205.16	0.04	0.00000538
205.20	0.04	0.00001398
205.24	0.04	0.00000276
205.28	0.04	0.00000558
205.32	0.04	0.00000342
205.36	0.04	0.00001111
205.40	0.04	0.00000865
205.44	0.04	-0.00000739
205.48	0.04	0.00000060
205.52	0.04	-0.00000756
205.56	0.04	-0.00000188
205.60	0.04	-0.00000326
205.64	0.04	-0.00001090
205.68	0.04	-0.00000226
205.72	0.04	-0.00000684
205.76	0.04	-0.00000185
205.80	0.04	0.00000492
205.84	0.04	-0.00000269
205.88	0.04	0.00000063
205.92	0.04	-0.00002195
205.96	0.04	-0.00001105
206.00	0.04	0.00000254
206.04	0.04	-0.00000313
206.08	0.04	0.00000020
206.12	0.04	0.00000542
206.16	0.04	0.00000220
206.20	0.04	0.00000408
206.24	0.04	-0.00000656
206.28	0.04	0.00005151
206.32	0.04	0.00002493
206.36	0.04	0.00000479
206.40	0.04	0.00007095
206.44	0.04	-0.00001203
206.48	0.04	0.00005126
206.52	0.04	-0.00000179
206.56	0.04	0.00001598
206.60	0.04	0.00004504
206.64	0.04	-0.00029662
206.68	0.04	0.00007474
206.72	0.04	0.00005284
206.76	0.04	-0.00001532
206.80	0.04	0.00003907
206.84	0.04	0.00000590
206.88	0.04	0.00004712
206.92	0.04	0.00001650
206.96	0.04	-0.00000009
207.00	0.04	-0.00001273
207.04	0.04	0.00000353
207.08	0.04	-0.00000062
207.12	0.04	0.00003152
207.16	0.04	-0.00001165
207.20	0.04	-0.00000119
207.24	0.04	0.00000761
207.28	0.04	0.00004889
207.32	0.04	-0.00012024
207.36	0.04	0.00000594
207.40	0.04	0.00007269
207.44	0.04	0.00001947
207.48	0.04	0.00004412
207.52	0.04	0.00000681
207.56	0.04	-0.00001537
207.60	0.04	0.00008990
207.64	0.04	0.00000371
207.68	0.04	0.00000437
207.72	0.04	0.00002101
207.76	0.04	0.00000228
207.80	0.04	0.00001374
207.84	0.04	0.00000784
207.88	0.04	0.00002756
207.92	0.04	-0.00009351
207.96	0.04	0.00001345
208.00	0.04	0.00001784
208.04	0.04	-0.00000446
208.08	0.04	-0.00001495
208.12	0.04	-0.00001210
208.16	0.04	0.00000203
208.20	0.04	0.00001055
208.24	0.04	0.00001204
208.28	0.04	-0.00001813
208.32	0.04	-0.00002268
208.36	0.04	0.00001288
208.40	0.04	-0.00005041
208.44	0.04	-0.00011346
208.48	0.04	-0.00001183
208.52	0.04	-0.00001375
208.56	0.04	-0.00003714
208.60	0.04	0.00001789
208.64	0.04	-0.00003137
208.68	0.04	-0.00003757
208.72	0.04	-0.00005339
208.76	0.04	-0.00004317
208.80	0.04	-0.00003593
208.84	0.04	-0.00004355
208.88	0.04	-0.00001273
208.92	0.04	-0.00002522
208.96	0.04	0.00003165
209.00	0.04	0.00003274
209.04	0.04	-0.00002298
209.08	0.04	-0.00002886
209.12	0.04	-0.00004135
209.16	0.04	-0.00000624
209.20	0.04	-0.00003283
209.24	0.04	-0.00000492
209.28	0.04	-0.00004039
209.32	0.04	-0.00001289
209.36	0.04	-0.00005564
209.40	0.04	-0.00005171
209.44	0.04	-0.00003245
209.48	0.04	-0.00006219
209.52	0.04	-0.00009125
209.56	0.04	0.00227404
209.60	0.04	0.00168777
209.64	0.04	0.00042471
209.68	0.04	-0.00000682
209.72	0.04	0.00035685
209.76	0.04	-0.00027232
209.80	0.04	0.00019480
209.84	0.04	-0.00028479
209.88	0.04	-0.00011165
209.92	0.04	0.00019162
209.96	0.04	0.00005082
210.00	0.04	-0.00093926
210.04	0.04	0.00230459
210.08	0.04	0.00111310
210.12	0.04	-0.00082457
210.16	0.04	0.00030041
210.20	0.04	-0.00263963
210.24	0.04	0.00163309
210.28	0.04	0.00062093
210.32	0.04	-0.00017358
210.36	0.04	0.00006408
210.40	0.04	-0.00017867
210.44	0.04	0.00007970
210.48	0.04	-0.00001681
210.52	0.04	-0.00011142
210.56	0.04	-0.00013701
210.60	0.04	-0.00000095
210.64	0.04	-0.00001325
210.68	0.04	-0.00001008
210.72	0.04	-0.00005584
210.76	0.04	-0.00007107
210.80	0.04	-0.00003469
210.84	0.04	-0.00005019
210.88	0.04	-0.00005925
210.92	0.04	-0.00003928
210.96	0.04	-0.00002629
211.00	0.04	-0.00006510
211.04	0.04	-0.00003700
211.08	0.04	-0.00001734
211.12	0.04	-0.00002646
211.16	0.04	-0.00004590
211.20	0.04	0.00001975
211.24	0.04	-0.00003015
211.28	0.04	-0.00002836
211.32	0.04	-0.00003690
211.36	0.04	-0.00003851
211.40	0.04	-0.00006530
211.44	0.04	-0.00010811
211.48	0.04	-0.00006635
211.52	0.04	-0.00005139
211.56	0.04	-0.00003689
211.60	0.04	-0.00004623
211.64	0.04	-0.00003169
211.68	0.04	-0.00003536
211.72	0.04	-0.00000989
211.76	0.04	-0.00006262
211.80	0.04	-0.00005953
211.84	0.04	-0.00007404
211.88	0.04	-0.00006461
211.92	0.04	-0.00003966
211.96	0.04	-0.00003598
212.00	0.04	-0.00002803
212.04	0.04	-0.00002307
212.08	0.04	0.00000801
212.12	0.04	-0.00001531
212.16	0.04	-0.00002236
212.20	0.04	-0.00005273
212.24	0.04	-0.00004079
212.28	0.04	-0.00005885
212.32	0.04	-0.00006102
212.36	0.04	-0.00002413
212.40	0.04	-0.00002650
212.44	0.04	-0.00001150
212.48	0.04	-0.00002110
212.52	0.04	-0.00000658
212.56	0.04	-0.00000893
212.60	0.04	-0.00001837
212.64	0.04	-0.00005941
212.68	0.04	-0.00004508
212.72	0.04	-0.00001808
212.76	0.04	-0.00005738
212.80	0.04	-0.00002348
212.84	0.04	-0.00003796
212.88	0.04	-0.00001716
212.92	0.04	-0.00005343
212.96	0.04	-0.00001312
213.00	0.04	-0.00001553
213.04	0.04	-0.00003058
213.08	0.04	-0.00002917
213.12	0.04	-0.00001853
213.16	0.04	-0.00004038
213.20	0.04	-0.00003119
213.24	0.04	-0.00002121
213.28	0.04	0.00001502
213.32	0.04	-0.00003953
213.36	0.04	-0.00000895
213.40	0.04	-0.00000256
213.44	0.04	-0.00000773
213.48	0.04	0.00001584
213.52	0.04	-0.00001809
213.56	0.04	-0.00000661
213.60	0.04	-0.00001758
213.64	0.04	-0.00002149
213.68	0.04	-0.00008487
213.72	0.04	-0.00009318
213.76	0.04	-0.00003955
213.80	0.04	-0.00005518
213.84	0.04	-0.00003654
213.88	0.04	-0.00002324
213.92	0.04	-0.00002013
213.96	0.04	-0.00001744
214.00	0.04	-0.00000091
214.04	0.04	0.00001963
214.08	0.04	0.00001454
214.12	0.04	-0.00002493
214.16	0.04	-0.00006143
214.20	0.04	0.00000369
214.24	0.04	0.00003385
214.28	0.04	-0.00001117
214.32	0.04	-0.00000191
214.36	0.04	-0.00002288
214.40	0.04	-0.00001168
214.44	0.04	-0.00003092
214.48	0.04	-0.00002231
214.52	0.04	-0.00004658
214.56	0.04	-0.00004380
214.60	0.04	-0.00004659
214.64	0.04	-0.00002105
214.68	0.04	-0.00000569
214.72	0.04	-0.00001677
214.76	0.04	-0.00001572
214.80	0.04	-0.00001951
214.84	0.04	0.00000605
214.88	0.04	0.00003350
214.92	0.04	-0.00003717
214.96	0.04	-0.00001818
215.00	0.04	-0.00001874
215.04	0.04	-0.00004033
215.08	0.04	-0.00004167
215.12	0.04	-0.00003679
215.16	0.04	-0.00002082
215.20	0.04	-0.00001891
215.24	0.04	-0.00001944
215.28	0.04	-0.00001106
215.32	0.04	0.00001230
215.36	0.04	0.00000541
215.40	0.04	-0.00002745
215.44	0.04	-0.00004397
215.48	0.04	-0.00004738
215.52	0.04	-0.00001327
215.56	0.04	-0.00003357
215.60	0.04	-0.00002498
215.64	0.04	-0.00002720
215.68	0.04	0.00000137
215.72	0.04	-0.00001235
215.76	0.04	0.00001151
215.80	0.04	0.00002749
215.84	0.04	0.00001926
215.88	0.04	0.00000328
215.92	0.04	-0.00004753
215.96	0.04	0.00003606
216.00	0.04	0.00003035
216.04	0.04	-0.00002946
216.08	0.04	0.00000112
216.12	0.04	-0.00017053
216.16	0.04	0.00014156
216.20	0.04	0.00001769
216.24	0.04	-0.00008729
216.28	0.04	-0.00045118
216.32	0.04	0.00027507
216.36	0.04	0.00003593
216.40	0.04	0.00188368
216.44	0.04	0.00030282
216.48	0.04	-0.00293292
216.52	0.04	-0.00010483
216.56	0.04	-0.00069969
216.60	0.04	-0.00538728
216.64	0.04	0.00211161
216.68	0.04	-0.00045007
216.72	0.04	-0.00054815
216.76	0.04	0.00104250
216.80	0.04	0.00176089
216.84	0.04	0.00019902
216.88	0.04	0.00019175
216.92	0.04	-0.00057597
216.96	0.04	0.00016494
217.00	0.04	-0.00002150
217.04	0.04	-0.00020734
217.08	0.04	0.00035411
217.12	0.04	0.00169630
217.16	0.04	0.00157003
217.20	0.04	0.00021903
217.24	0.04	-0.00041928
217.28	0.04	0.00151155
217.32	0.04	0.00246253
217.36	0.04	-0.00009502
217.40	0.04	0.00039610
217.44	0.04	-0.00024848
217.48	0.04	-0.00009760
217.52	0.04	0.00020019
217.56	0.04	0.00001746
217.60	0.04	-0.00003515
217.64	0.04	-0.00002403
217.68	0.04	0.00001117
217.72	0.04	0.00000360
217.76	0.04	-0.00001647
217.80	0.04	-0.00003056
217.84	0.04	-0.00001163
217.88	0.04	0.00028706
217.92	0.04	-0.00074725
217.96	0.04	0.00153945
218.00	0.04	0.00054010
218.04	0.04	0.00031704
218.08	0.04	0.00104669
218.12	0.04	-0.00054051
218.16	0.04	0.00039105
218.20	0.04	0.00024676
218.24	0.04	-0.00001782
218.28	0.04	0.00006742
218.32	0.04	-0.00003660
218.36	0.04	-0.00008101
218.40	0.04	0.00002573
218.44	0.04	0.00000025
218.48	0.04	-0.00000109
218.52	0.04	-0.00002142
218.56	0.04	-0.00002100
218.60	0.04	-0.00002704
218.64	0.04	-0.00003618
218.68	0.04	-0.00002907
218.72	0.04	0.00000250
218.76	0.04	0.00002907
218.80	0.04	-0.00000444
218.84	0.04	0.00001121
218.88	0.04	0.00000657
218.92	0.04	0.00003254
218.96	0.04	-0.00001688
219.00	0.04	-0.00002693
219.04	0.04	-0.00002516
219.08	0.04	-0.00002195
219.12	0.04	0.00000170
219.16	0.04	-0.00001733
219.20	0.04	-0.00003261
219.24	0.04	0.00000018
219.28	0.04	-0.00000640
219.32	0.04	-0.00000630
219.36	0.04	0.00001523
219.40	0.04	-0.00000388
219.44	0.04	0.00001654
219.48	0.04	-0.00001051
219.52	0.04	-0.00001961
219.56	0.04	-0.00002182
219.60	0.04	-0.00001039
219.64	0.04	-0.00002013
219.68	0.04	-0.00000907
219.72	0.04	-0.00001116
219.76	0.04	-0.00000699
219.80	0.04	0.00000531
219.84	0.04	-0.00001029
219.88	0.04	0.00000662
219.92	0.04	-0.00001986
219.96	0.04	-0.00002130
220.00	0.04	-0.00002743
220.04	0.04	-0.00004766
220.08	0.04	-0.00005101
220.12	0.04	-0.00004739
220.16	0.04	-0.00002951
220.20	0.04	-0.00001220
220.24	0.04	-0.00000209
220.28	0.04	-0.00001280
220.32	0.04	-0.00002086
220.36	0.04	-0.00001168
220.40	0.04	-0.00001329
220.44	0.04	-0.00001742
220.48	0.04	-0.00001183
220.52	0.04	-0.00000834
220.56	0.04	-0.00002787
220.60	0.04	-0.00003623
220.64	0.04	-0.00002128
220.68	0.04	-0.00002198
220.72	0.04	-0.00001431
220.76	0.04	-0.00000419
220.80	0.04	-0.00001765
220.84	0.04	-0.00000896
220.88	0.04	-0.00001275
220.92	0.04	0.00000444
220.96	0.04	-0.00002995
221.00	0.04	-0.00001532
221.04	0.04	-0.00002437
221.08	0.04	-0.00001302
221.12	0.04	-0.00001963
221.16	0.04	-0.00002010
221.20	0.04	-0.00000310
221.24	0.04	-0.00004356
221.28	0.04	-0.00031837
221.32	0.04	0.00040691
221.36	0.04	0.00000233
221.40	0.04	-0.00006876
221.44	0.04	-0.00004622
221.48	0.04	-0.00005014
221.52	0.04	-0.00027528
221.56	0.04	0.00233494
221.60	0.04	0.00176689
221.64	0.04	0.00006093
221.68	0.04	0.00004187
221.72	0.04	-0.00003492
221.76	0.04	-0.00007924
221.80	0.04	-0.00007567
221.84	0.04	-0.00015140
221.88	0.04	-0.00001437
221.92	0.04	0.00000794
221.96	0.04	-0.00000419
222.00	0.04	0.00000134
222.04	0.04	0.00001177
222.08	0.04	0.00018057
222.12	0.04	-0.00016549
222.16	0.04	-0.00010238
222.20	0.04	0.00009023
222.24	0.04	0.00006348
222.28	0.04	0.00003252
222.32	0.04	-0.00001990
222.36	0.04	-0.00000122
222.40	0.04	-0.00001147
222.44	0.04	-0.00003330
222.48	0.04	-0.00000428
222.52	0.04	-0.00001126
222.56	0.04	0.00001683
222.60	0.04	0.00004611
222.64	0.04	0.00000472
222.68	0.04	-0.00001564
222.72	0.04	-0.00003791
222.76	0.04	-0.00001191
222.80	0.04	0.00000005
222.84	0.04	-0.00004299
222.88	0.04	-0.00000973
222.92	0.04	-0.00004019
222.96	0.04	0.00000031
223.00	0.04	-0.00000468
223.04	0.04	-0.00000916
223.08	0.04	-0.00003664
223.12	0.04	-0.00005318
223.16	0.04	-0.00003771
223.20	0.04	0.00000241
223.24	0.04	0.00002375
223.28	0.04	-0.00002231
223.32	0.04	-0.00005134
223.36	0.04	0.00000357
223.40	0.04	-0.00001226
223.44	0.04	0.00000026
223.48	0.04	-0.00000179
223.52	0.04	-0.00002607
223.56	0.04	-0.00000424
223.60	0.04	-0.00000495
223.64	0.04	-0.00005763
223.68	0.04	-0.00005049
223.72	0.04	-0.00000067
223.76	0.04	0.00000294
223.80	0.04	-0.00000197
223.84	0.04	0.00001192
223.88	0.04	0.00000355
223.92	0.04	-0.00000123
223.96	0.04	0.00000525
224.00	0.04	-0.00000858
224.04	0.04	-0.00000214
224.08	0.04	-0.00001673
224.12	0.04	-0.00002338
224.16	0.04	-0.00003740
224.20	0.04	-0.00001944
224.24	0.04	-0.00000891
224.28	0.04	-0.00001275
224.32	0.04	-0.00000944
224.36	0.04	-0.00001907
224.40	0.04	-0.00002335
224.44	0.04	-0.00002186
224.48	0.04	-0.00001264
224.52	0.04	-0.00001508
224.56	0.04	-0.00000508
224.60	0.04	-0.00000646
224.64	0.04	-0.00001027
224.68	0.04	-0.00000914
224.72	0.04	-0.00000237
224.76	0.04	-0.00000232
224.80	0.04	-0.00002695
224.84	0.04	-0.00001733
224.88	0.04	-0.00000236
224.92	0.04	-0.00001856
224.96	0.04	-0.00001594
225.00	0.04	-0.00002878
225.04	0.04	-0.00000203
225.08	0.04	-0.00000158
225.12	0.04	0.00001325
225.16	0.04	0.00009113
225.20	0.04	-0.00025954
225.24	0.04	0.00024288
225.28	0.04	0.00059767
225.32	0.04	0.00102762
225.36	0.04	0.00124202
225.40	0.04	0.00056947
225.44	0.04	-0.00013817
225.48	0.04	0.00003257
225.52	0.04	0.00001113
225.56	0.04	0.00079330
225.60	0.04	-0.00049225
225.64	0.04	-0.00008713
225.68	0.04	0.00011207
225.72	0.04	-0.00014007
225.76	0.04	0.00144956
225.80	0.04	0.00031187
225.84	0.04	-0.00003183
225.88	0.04	0.00002441
225.92	0.04	-0.00000706
225.96	0.04	-0.00007268
226.00	0.04	-0.00002890
226.04	0.04	-0.00003121
226.08	0.04	-0.00004447
226.12	0.04	0.00005614
226.16	0.04	-0.00004836
226.20	0.04	0.00016977
226.24	0.04	0.00006439
226.28	0.04	0.00001886
226.32	0.04	-0.00002685
226.36	0.04	0.00002335
226.40	0.04	0.00009385
226.44	0.04	0.00000108
226.48	0.04	0.00027010
226.52	0.04	0.00029006
226.56	0.04	0.00000423
226.60	0.04	0.00000394
226.64	0.04	-0.00007751
226.68	0.04	0.00004550
226.72	0.04	0.00004733
226.76	0.04	0.00003011
226.80	0.04	-0.00004977
226.84	0.04	0.00000295
226.88	0.04	0.00000598
226.92	0.04	0.00001860
226.96	0.04	0.00000878
227.00	0.04	-0.00002768
227.04	0.04	-0.00001942
227.08	0.04	-0.00000635
227.12	0.04	-0.00001902
227.16	0.04	-0.00004020
227.20	0.04	-0.00001986
227.24	0.04	-0.00001876
227.28	0.04	-0.00000755
227.32	0.04	-0.00000372
227.36	0.04	-0.00000452
227.40	0.04	-0.00001099
227.44	0.04	0.00000301
227.48	0.04	-0.00001628
227.52	0.04	-0.00001038
227.56	0.04	-0.00004076
227.60	0.04	-0.00003867
227.64	0.04	-0.00001582
227.68	0.04	-0.00000248
227.72	0.04	0.00000130
227.76	0.04	-0.00000676
227.80	0.04	0.00000540
227.84	0.04	0.00000944
227.88	0.04	-0.00001311
227.92	0.04	-0.00000164
227.96	0.04	0.00000309
228.00	0.04	-0.00003625
228.04	0.04	0.00000836
228.08	0.04	-0.00005430
228.12	0.04	-0.00003031
228.16	0.04	-0.00003314
228.20	0.04	-0.00000378
228.24	0.04	0.00000454
228.28	0.04	-0.00001965
228.32	0.04	-0.00000957
228.36	0.04	-0.00000989
228.40	0.04	-0.00002604
228.44	0.04	-0.00000334
228.48	0.04	-0.00001592
228.52	0.04	-0.00005658
228.56	0.04	-0.00001815
228.60	0.04	0.00000071
228.64	0.04	-0.00000586
228.68	0.04	-0.00001342
228.72	0.04	-0.00001716
228.76	0.04	0.00001241
228.80	0.04	0.00001195
228.84	0.04	0.00000056
228.88	0.04	-0.00003226
228.92	0.04	-0.00002890
228.96	0.04	-0.00001456
229.00	0.04	-0.00003529
229.04	0.04	0.00000275
229.08	0.04	-0.00000967
229.12	0.04	-0.00000202
229.16	0.04	0.00001143
229.20	0.04	0.00003089
229.24	0.04	-0.00000608
229.28	0.04	-0.00000416
229.32	0.04	-0.00003050
229.36	0.04	-0.00006658
229.40	0.04	-0.00069685
229.44	0.04	0.00037928
229.48	0.04	0.00011021
229.52	0.04	0.00069112
229.56	0.04	-0.00018038
229.60	0.04	0.00025568
229.64	0.04	-0.00000110
229.68	0.04	0.00001945
229.72	0.04	0.00003624
229.76	0.04	-0.00010410
229.80	0.04	0.00003902
229.84	0.04	0.00001816
229.88	0.04	0.00003932
229.92	0.04	0.00003764
229.96	0.04	0.00000429
230.00	0.04	0.00002440
230.04	0.04	0.00002725
230.08	0.04	0.00000674
230.12	0.04	-0.00025319
230.16	0.04	-0.00049652
230.20	0.04	-0.00076683
230.24	0.04	-0.00004507
230.28	0.04	-0.00001491
230.32	0.04	-0.00002824
230.36	0.04	-0.00002778
230.40	0.04	-0.00005701
230.44	0.04	-0.00000213
230.48	0.04	-0.00011090
230.52	0.04	-0.00001526
230.56	0.04	0.00002738
230.60	0.04	-0.00004835
230.64	0.04	-0.00003437
230.68	0.04	0.00001059
230.72	0.04	-0.00004201
230.76	0.04	-0.00001595
230.80	0.04	0.00001163
230.84	0.04	0.00001653
230.88	0.04	0.00001076
230.92	0.04	0.00000731
230.96	0.04	0.00000487
231.00	0.04	-0.00001261
231.04	0.04	-0.00000580
231.08	0.04	0.00000535
231.12	0.04	-0.00003851
231.16	0.04	-0.00001235
231.20	0.04	-0.00002991
231.24	0.04	-0.00002447
231.28	0.04	-0.00001051
231.32	0.04	-0.00001811
231.36	0.04	0.00001549
231.40	0.04	-0.00001541
231.44	0.04	0.00000418
231.48	0.04	-0.00001957
231.52	0.04	-0.00000186
231.56	0.04	-0.00003870
231.60	0.04	-0.00003141
231.64	0.04	-0.00000026
231.68	0.04	-0.00001818
231.72	0.04	0.00000170
231.76	0.04	-0.00002473
231.80	0.04	0.00000949
231.84	0.04	0.00000136
231.88	0.04	0.00000849
231.92	0.04	-0.00000874
231.96	0.04	-0.00001731
232.00	0.04	-0.00003494
232.04	0.04	-0.00002872
232.08	0.04	-0.00005347
232.12	0.04	-0.00002525
232.16	0.04	-0.00003366
232.20	0.04	-0.00001138
232.24	0.04	0.00000474
232.28	0.04	-0.00000148
232.32	0.04	0.00005372
232.36	0.04	0.00004623
232.40	0.04	0.00004068
232.44	0.04	-0.00000462
232.48	0.04	0.00001331
232.52	0.04	0.00004299
232.56	0.04	0.00000403
232.60	0.04	-0.00003225
232.64	0.04	-0.00001843
232.68	0.04	0.00001008
232.72	0.04	-0.00000841
232.76	0.04	-0.00002893
232.80	0.04	-0.00000441
232.84	0.04	-0.00002937
232.88	0.04	-0.00000142
232.92	0.04	-0.00003459
232.96	0.04	0.00000104
233.00	0.04	-0.00006347
233.04	0.04	-0.00007231
233.08	0.04	-0.00003841
233.12	0.04	-0.00002844
233.16	0.04	-0.00001501
233.20	0.04	0.00001449
233.24	0.04	0.00000825
233.28	0.04	-0.00001722
233.32	0.04	0.00001491
233.36	0.04	-0.00003726
233.40	0.04	-0.00003951
233.44	0.04	0.00000080
233.48	0.04	-0.00005208
233.52	0.04	-0.00003414
233.56	0.04	-0.00003767
233.60	0.04	-0.00001036
233.64	0.04	-0.00000367
233.68	0.04	-0.00000018
233.72	0.04	-0.00001882
233.76	0.04	-0.00001636
233.80	0.04	-0.00001973
233.84	0.04	-0.00001446
233.88	0.04	-0.00001973
233.92	0.04	0.00003297
233.96	0.04	-0.00002522
234.00	0.04	-0.00003559
234.04	0.04	0.00001755
234.08	0.04	-0.00001605
234.12	0.04	0.00000468
234.16	0.04	0.00000208
234.20	0.04	0.00001128
234.24	0.04	0.00000722
234.28	0.04	-0.00002660
234.32	0.04	-0.00001062
234.36	0.04	0.00001968
234.40	0.04	-0.00001466
234.44	0.04	-0.00005018
234.48	0.04	-0.00002215
234.52	0.04	-0.00000675
234.56	0.04	0.00000270
234.60	0.04	0.00000994
234.64	0.04	0.00001009
234.68	0.04	-0.00000872
234.72	0.04	-0.00002367
234.76	0.04	-0.00001687
234.80	0.04	0.00000376
234.84	0.04	-0.00002278
234.88	0.04	-0.00001960
234.92	0.04	-0.00000368
234.96	0.04	0.00001451
235.00	0.04	-0.00000020
235.04	0.04	0.00001831
235.08	0.04	-0.00001330
235.12	0.04	-0.00000151
235.16	0.04	0.00012699
235.20	0.04	0.00001749
235.24	0.04	-0.00004703
235.28	0.04	0.00050892
235.32	0.04	-0.00000568
235.36	0.04	-0.00003826
235.40	0.04	0.00055185
235.44	0.04	0.00050283
235.48	0.04	-0.00044934
235.52	0.04	0.00001097
235.56	0.04	0.00006939
235.60	0.04	-0.00089878
235.64	0.04	0.00017828
235.68	0.04	0.00036839
235.72	0.04	0.00005613
235.76	0.04	-0.00001431
235.80	0.04	-0.00000768
235.84	0.04	0.00000878
235.88	0.04	-0.00019181
235.92	0.04	0.00014001
235.96	0.04	0.00011484
236.00	0.04	-0.00019094
236.04	0.04	0.00009082
236.08	0.04	-0.00003473
236.12	0.04	-0.00001429
236.16	0.04	0.00008058
236.20	0.04	0.00003467
236.24	0.04	-0.00002063
236.28	0.04	0.00005392
236.32	0.04	-0.00000670
236.36	0.04	0.00003407
236.40	0.04	0.00015005
236.44	0.04	0.00012089
236.48	0.04	-0.00040587
236.52	0.04	0.00024513
236.56	0.04	-0.00020105
236.60	0.04	0.00015810
236.64	0.04	0.00023867
236.68	0.04	0.00009207
236.72	0.04	-0.00011111
236.76	0.04	0.00004726
236.80	0.04	0.00000633
236.84	0.04	0.00003697
236.88	0.04	-0.00002993
236.92	0.04	-0.00003655
236.96	0.04	-0.00005497
237.00	0.04	-0.00003519
237.04	0.04	-0.00001051
237.08	0.04	-0.00003820
237.12	0.04	-0.00003421
237.16	0.04	-0.00000156
237.20	0.04	-0.00001889
237.24	0.04	-0.00000037
237.28	0.04	-0.00001767
237.32	0.04	0.00000039
237.36	0.04	-0.00002084
237.40	0.04	-0.00002413
237.44	0.04	-0.00002551
237.48	0.04	-0.00002957
237.52	0.04	-0.00001013
237.56	0.04	-0.00001278
237.60	0.04	-0.00000979
237.64	0.04	0.00000779
237.68	0.04	0.00000280
237.72	0.04	-0.00002692
237.76	0.04	-0.00002946
237.80	0.04	-0.00002114
237.84	0.04	-0.00000704
237.88	0.04	-0.00001735
237.92	0.04	-0.00001089
237.96	0.04	-0.00003089
238.00	0.04	-0.00001614
238.04	0.04	-0.00000283
238.08	0.04	0.00001058
238.12	0.04	-0.00000239
238.16	0.04	-0.00001658
238.20	0.04	-0.00000603
238.24	0.04	-0.00000735
238.28	0.04	-0.00000429
238.32	0.04	0.00000039
238.36	0.04	0.00000651
238.40	0.04	0.00001069
238.44	0.04	-0.00000838
238.48	0.04	-0.00000455
238.52	0.04	0.00002124
238.56	0.04	-0.00000051
238.60	0.04	-0.00000008
238.64	0.04	0.00000242
238.68	0.04	-0.00001483
238.72	0.04	0.00001113
238.76	0.04	-0.00001029
238.80	0.04	-0.00002583
238.84	0.04	0.00000619
238.88	0.04	-0.00002650
238.92	0.04	0.00000295
238.96	0.04	0.00003581
239.00	0.04	0.00006100
239.04	0.04	-0.00000132
239.08	0.04	-0.00000280
239.12	0.04	0.00000296
239.16	0.04	0.00009085
239.20	0.04	0.00002766
239.24	0.04	0.00000375
239.28	0.04	0.00001728
239.32	0.04	-0.00001713
239.36	0.04	-0.00001685
239.40	0.04	-0.00001133
239.44	0.04	-0.00000714
239.48	0.04	-0.00001194
239.52	0.04	-0.00004160
239.56	0.04	0.00000459
239.60	0.04	0.00000348
239.64	0.04	0.00002604
239.68	0.04	0.00001099
239.72	0.04	0.00001396
239.76	0.04	0.00001401
239.80	0.04	0.00007127
239.84	0.04	0.00001245
239.88	0.04	-0.00004574
239.92	0.04	-0.00001135
239.96	0.04	-0.00000673
240.00	0.04	-0.00001021
240.04	0.04	0.00001262
240.08	0.04	-0.00000391
240.12	0.04	-0.00001193
240.16	0.04	-0.00000203
240.20	0.04	-0.00001533
240.24	0.04	0.00000176
240.28	0.04	0.00000127
240.32	0.04	-0.00000255
240.36	0.04	-0.00002127
240.40	0.04	-0.00003733
240.44	0.04	-0.00002567
240.48	0.04	-0.00002377
240.52	0.04	-0.00000100
240.56	0.04	-0.00001751
240.60	0.04	0.00002004
240.64	0.04	0.00001405
240.68	0.04	0.00000633
240.72	0.04	0.00005726
240.76	0.04	0.00002895
240.80	0.04	-0.00002373
240.84	0.04	0.00001547
240.88	0.04	0.00002198
240.92	0.04	0.00010070
240.96	0.04	-0.00002510
241.00	0.04	-0.00002434
241.04	0.04	-0.00000323
241.08	0.04	-0.00000037
241.12	0.04	0.00000323
241.16	0.04	0.00001274
241.20	0.04	-0.00000691
241.24	0.04	0.00000454
241.28	0.04	-0.00001459
241.32	0.04	-0.00000281
241.36	0.04	0.00001143
241.40	0.04	0.00000932
241.44	0.04	0.00002568
241.48	0.04	0.00000960
241.52	0.04	0.00000862
241.56	0.04	0.00001513
241.60	0.04	0.00000182
241.64	0.04	0.00001741
241.68	0.04	-0.00001400
241.72	0.04	-0.00001171
241.76	0.04	-0.00000041
241.80	0.04	-0.00000888
241.84	0.04	-0.00000287
241.88	0.04	0.00001648
241.92	0.04	0.00000993
241.96	0.04	0.00001472
242.00	0.04	-0.00000851
242.04	0.04	0.00001023
242.08	0.04	-0.00000410
242.12	0.04	-0.00000547
242.16	0.04	-0.00000210
242.20	0.04	0.00002391
242.24	0.04	0.00000091
242.28	0.04	0.00009249
242.32	0.04	0.00005413
242.36	0.04	0.00002018
242.40	0.04	0.00023685
242.44	0.04	0.00024324
242.48	0.04	0.00020072
242.52	0.04	-0.00006493
242.56	0.04	0.00000239
242.60	0.04	-0.00000371
242.64	0.04	-0.00001938
242.68	0.04	-0.00014454
242.72	0.04	-0.00102151
242.76	0.04	0.00087886
242.80	0.04	0.00018809
242.84	0.04	0.00028313
242.88	0.04	-0.00000244
242.92	0.04	-0.00007280
242.96	0.04	-0.00006164
243.00	0.04	0.00004153
243.04	0.04	-0.00025437
243.08	0.04	0.00006509
243.12	0.04	0.00047991
243.16	0.04	-0.00019784
243.20	0.04	0.00002670
243.24	0.04	0.00056434
243.28	0.04	0.00000501
243.32	0.04	0.00035631
243.36	0.04	0.00003407
243.40	0.04	0.00008488
243.44	0.04	-0.00043741
243.48	0.04	0.00022207
243.52	0.04	-0.00016915
243.56	0.04	0.00033312
243.60	0.04	-0.00013861
243.64	0.04	0.00005633
243.68	0.04	0.00010788
243.72	0.04	0.00005597
243.76	0.04	0.00001167
243.80	0.04	0.00002099
243.84	0.04	0.00015935
243.88	0.04	-0.00000543
243.92	0.04	0.00000369
243.96	0.04	-0.00002636
244.00	0.04	-0.00001935
244.04	0.04	0.00002067
244.08	0.04	0.00000484
244.12	0.04	0.00000687
244.16	0.04	-0.00001449
244.20	0.04	0.00001047
244.24	0.04	0.00001877
244.28	0.04	0.00001724
244.32	0.04	0.00001523
244.36	0.04	0.00003308
244.40	0.04	-0.00000430
244.44	0.04	0.00000510
244.48	0.04	0.00001709
244.52	0.04	0.00014666
244.56	0.04	0.00003015
244.60	0.04	0.00003007
244.64	0.04	0.00002517
244.68	0.04	0.00004610
244.72	0.04	0.00000205
244.76	0.04	0.00003196
244.80	0.04	-0.00000545
244.84	0.04	0.00000805
244.88	0.04	-0.00000896
244.92	0.04	-0.00000271
244.96	0.04	0.00002889
245.00	0.04	-0.00001397
245.04	0.04	0.00001568
245.08	0.04	0.00001109
245.12	0.04	-0.00000291
245.16	0.04	0.00000106
245.20	0.04	0.00001733
245.24	0.04	0.00001694
245.28	0.04	0.00002159
245.32	0.04	-0.00002567
245.36	0.04	0.00000709
245.40	0.04	-0.00000338
245.44	0.04	0.00000855
245.48	0.04	0.00003160
245.52	0.04	0.00000490
245.56	0.04	0.00000378
245.60	0.04	0.00001908
245.64	0.04	0.00001669
245.68	0.04	0.00002117
245.72	0.04	0.00001723
245.76	0.04	0.00004339
245.80	0.04	0.00007110
245.84	0.04	0.00000006
245.88	0.04	0.00013644
245.92	0.04	0.00028220
245.96	0.04	-0.00012734
246.00	0.04	0.00020474
246.04	0.04	-0.00007240
246.08	0.04	0.00007583
246.12	0.04	-0.00004870
246.16	0.04	0.00003560
246.20	0.04	-0.00050906
246.24	0.04	0.00071748
246.28	0.04	0.00082804
246.32	0.04	0.00027013
246.36	0.04	0.00006245
246.40	0.04	-0.00012736
246.44	0.04	-0.00010698
246.48	0.04	-0.00006728
246.52	0.04	0.00019005
246.56	0.04	-0.00001754
246.60	0.04	0.00005960
246.64	0.04	0.00001584
246.68	0.04	0.00002241
246.72	0.04	0.00004444
246.76	0.04	0.00001364
246.80	0.04	-0.00056870
246.84	0.04	0.00031934
246.88	0.04	0.00033715
246.92	0.04	-0.00015088
246.96	0.04	-0.00041349
247.00	0.04	0.00057434
247.04	0.04	0.00028808
247.08	0.04	-0.00018417
247.12	0.04	-0.00012746
247.16	0.04	0.00004200
247.20	0.04	0.00005605
247.24	0.04	-0.00008673
247.28	0.04	0.00006300
247.32	0.04	-0.00003776
247.36	0.04	-0.00000783
247.40	0.04	0.00002148
247.44	0.04	-0.00000591
247.48	0.04	-0.00000076
247.52	0.04	0.00014252
247.56	0.04	0.00009216
247.60	0.04	-0.00000308
247.64	0.04	0.00000161
247.68	0.04	-0.00001553
247.72	0.04	0.00002443
247.76	0.04	-0.00000272
247.80	0.04	0.00001589
247.84	0.04	0.00003156
247.88	0.04	0.00001979
247.92	0.04	0.00004365
247.96	0.04	0.00002414
248.00	0.04	0.00001836
248.04	0.04	-0.00000681
248.08	0.04	0.00000893
248.12	0.04	0.00003850
248.16	0.04	0.00012995
248.20	0.04	-0.00009149
248.24	0.04	-0.00000234
248.28	0.04	0.00001812
248.32	0.04	0.00003408
248.36	0.04	-0.00000353
248.40	0.04	-0.00001218
248.44	0.04	-0.00000894
248.48	0.04	-0.00001542
248.52	0.04	0.00000114
248.56	0.04	0.00002779
248.60	0.04	0.00000478
248.64	0.04	0.00001687
248.68	0.04	-0.00000565
248.72	0.04	0.00000506
248.76	0.04	0.00002209
248.80	0.04	0.00001374
248.84	0.04	0.00001697
248.88	0.04	0.00002619
248.92	0.04	0.00000446
248.96	0.04	-0.00002038
249.00	0.04	-0.00020344
249.04	0.04	-0.00026333
249.08	0.04	-0.00003567
249.12	0.04	-0.00000114
249.16	0.04	0.00001696
249.20	0.04	0.00001012
249.24	0.04	0.00000252
249.28	0.04	-0.00003695
249.32	0.04	-0.00000688
249.36	0.04	-0.00003766
249.40	0.04	-0.00001435
249.44	0.04	0.00001946
249.48	0.04	0.00004961
249.52	0.04	0.00001078
249.56	0.04	0.00002645
249.60	0.04	0.00003648
249.64	0.04	-0.00033105
249.68	0.04	-0.00012888
249.72	0.04	-0.00001783
249.76	0.04	-0.00001863
249.80	0.04	-0.00000638
249.84	0.04	0.00001251
249.88	0.04	0.00002220
249.92	0.04	0.00000800
249.96	0.04	0.00000465
250.00	0.04	-0.00001414
250.04	0.04	0.00000127
250.08	0.04	0.00000520
250.12	0.04	0.00001291
250.16	0.04	0.00003773
250.20	0.04	0.00004814
250.24	0.04	-0.00000414
250.28	0.04	0.00000465
250.32	0.04	0.00008974
250.36	0.04	0.00006067
250.40	0.04	0.00001088
250.44	0.04	0.00001214
250.48	0.04	-0.00045966
250.52	0.04	-0.00011365
250.56	0.04	-0.00000383
250.60	0.04	0.00002541
250.64	0.04	-0.00002322
250.68	0.04	-0.00000296
250.72	0.04	0.00000213
250.76	0.04	0.00000973
250.80	0.04	-0.00002611
250.84	0.04	0.00000725
250.88	0.04	0.00002919
250.92	0.04	0.00001220
250.96	0.04	-0.00003134
251.00	0.04	0.00005728
251.04	0.04	0.00003920
251.08	0.04	0.00003485
251.12	0.04	0.00002945
251.16	0.04	0.00001902
251.20	0.04	0.00002998
251.24	0.04	0.00009995
251.28	0.04	0.00017016
251.32	0.04	-0.00004231
251.36	0.04	-0.00005441
251.40	0.04	0.00037151
251.44	0.04	0.00029498
251.48	0.04	0.00089986
251.52	0.04	0.00099623
251.56	0.04	0.00031837
251.60	0.04	0.00017955
251.64	0.04	0.00032452
251.68	0.04	0.00019607
251.72	0.04	0.00027340
251.76	0.04	0.00034275
251.80	0.04	0.00026854
251.84	0.04	0.00026406
251.88	0.04	0.00000655
251.92	0.04	0.00015730
251.96	0.04	0.00015483
252.00	0.04	0.00023688
252.04	0.04	0.00017602
252.08	0.04	0.00016354
252.12	0.04	0.00024259
252.16	0.04	0.00029592
252.20	0.04	0.00012782
252.24	0.04	0.00028417
252.28	0.04	0.00005664
252.32	0.04	0.00035278
252.36	0.04	0.00060901
252.40	0.04	0.00067383
252.44	0.04	0.00050313
252.48	0.04	0.00025315
252.52	0.04	0.00054897
252.56	0.04	0.00048893
252.60	0.04	0.00040616
252.64	0.04	0.00024113
252.68	0.04	0.00038698
252.72	0.04	0.00026415
252.76	0.04	0.00029710
252.80	0.04	0.00028583
252.84	0.04	0.00012954
252.88	0.04	0.00013062
252.92	0.04	0.00010843
252.96	0.04	0.00001729
253.00	0.04	0.00003593
253.04	0.04	0.00000574
253.08	0.04	0.00018739
253.12	0.04	0.00084156
253.16	0.04	0.00044812
253.20	0.04	0.00028859
253.24	0.04	0.00067608
253.28	0.04	0.00033073
253.32	0.04	0.00047157
253.36	0.04	0.00038727
253.40	0.04	0.00235361
253.44	0.04	0.00238127
253.48	0.04	0.00157302
253.52	0.04	0.01084763
253.56	0.04	0.00566453
253.60	0.04	0.00183876
253.64	0.04	0.00306282
253.68	0.04	0.00273019
253.72	0.04	0.00224901
253.76	0.04	0.00187122
253.80	0.04	0.00153466
253.84	0.04	0.00110560
253.88	0.04	0.00430890
253.92	0.04	0.00367580
253.96	0.04	0.00150513
254.00	0.04	0.00051135
254.04	0.04	0.00072228
254.08	0.04	0.00158419
254.12	0.04	0.00058767
254.16	0.04	0.00043528
254.20	0.04	0.00074457
254.24	0.04	0.00122258
254.28	0.04	0.00111702
254.32	0.04	0.00149829
254.36	0.04	0.00256780
254.40	0.04	0.00017907
254.44	0.04	0.00091740
254.48	0.04	0.00207069
254.52	0.04	0.00034077
254.56	0.04	0.00037151
254.60	0.04	0.00062831
254.64	0.04	0.00021430
254.68	0.04	0.00177515
254.72	0.04	0.00093849
254.76	0.04	0.00091756
254.80	0.04	0.00093426
254.84	0.04	0.00110200
254.88	0.04	0.00024811
254.92	0.04	0.00027225
254.96	0.04	0.00036499
255.00	0.04	0.00084159
255.04	0.04	0.00151937
255.08	0.04	0.00320670
255.12	0.04	0.00026146
255.16	0.04	0.00061680
255.20	0.04	0.00072478
255.24	0.04	0.00034054
255.28	0.04	0.00048921
255.32	0.04	0.00056003
255.36	0.04	0.00058026
255.40	0.04	0.00144238
255.44	0.04	0.00135674
255.48	0.04	0.00014314
255.52	0.04	0.00019013
255.56	0.04	0.00017650
255.60	0.04	0.00003897
255.64	0.04	0.00112583
255.68	0.04	0.00097776
255.72	0.04	0.00022128
255.76	0.04	0.00030932
255.80	0.04	0.00031419
255.84	0.04	0.00045495
255.88	0.04	0.00042494
255.92	0.04	0.00050437
255.96	0.04	0.00039548
256.00	0.04	0.00177686
256.04	0.04	0.00110060
256.08	0.04	0.00063151
256.12	0.04	0.00054521
256.16	0.04	0.00025593
256.20	0.04	0.00035690
256.24	0.04	0.00159629
256.28	0.04	0.00147042
256.32	0.04	0.00053422
256.36	0.04	0.00137338
256.40	0.04	0.00128498
256.44	0.04	0.00091984
256.48	0.04	0.00018234
256.52	0.04	0.00061550
256.56	0.04	0.00254295
256.60	0.04	0.00164212
256.64	0.04	0.00092929
256.68	0.04	0.00051581
256.72	0.04	0.00359459
256.76	0.04	0.00094992
256.80	0.04	0.00148346
256.84	0.04	0.00227993
256.88	0.04	0.00176940
256.92	0.04	0.00237058
256.96	0.04	0.00143680
257.00	0.04	0.00080020
257.04	0.04	0.00072597
257.08	0.04	0.00100946
257.12	0.04	0.00149672
257.16	0.04	0.00129823
257.20	0.04	0.00030011
257.24	0.04	0.00072776
257.28	0.04	0.00565445
257.32	0.04	0.00383401
257.36	0.04	0.00876563
257.40	0.04	0.00428980
257.44	0.04	0.00808668
257.48	0.04	0.00437068
257.52	0.04	0.00286905
257.56	0.04	0.00230209
257.60	0.04	0.00035165
257.64	0.04	-0.00014249
257.68	0.04	0.00108152
257.72	0.04	0.00017440
257.76	0.04	0.00052272
257.80	0.04	-0.00019807
257.84	0.04	0.00017965
257.88	0.04	0.00045758
257.92	0.04	0.00024074
257.96	0.04	0.00037549
258.00	0.04	0.00031218
258.04	0.04	0.00048662
258.08	0.04	0.00050315
258.12	0.04	0.00005781
258.16	0.04	0.00041797
258.20	0.04	0.00039967
258.24	0.04	0.00038744
258.28	0.04	0.00085314
258.32	0.04	0.00055531
258.36	0.04	0.00074068
258.40	0.04	0.00068216
258.44	0.04	0.00034997
258.48	0.04	0.00048067
258.52	0.04	0.00049083
258.56	0.04	0.00027823
258.60	0.04	0.00157449
258.64	0.04	0.00072564
258.68	0.04	0.00134054
258.72	0.04	0.00112690
258.76	0.04	0.00068510
258.80	0.04	0.00059235
258.84	0.04	0.00042582
258.88	0.04	0.00036564
258.92	0.04	0.00024884
258.96	0.04	0.00039078
259.00	0.04	0.00004869
259.04	0.04	0.00011572
259.08	0.04	0.00024857
259.12	0.04	0.00028074
259.16	0.04	0.00008050
259.20	0.04	0.00000794
259.24	0.04	0.00018449
259.28	0.04	0.00023323
259.32	0.04	0.00005531
259.36	0.04	0.00001293
259.40	0.04	0.00020394
259.44	0.04	0.00005790
259.48	0.04	0.00031884
259.52	0.04	0.00016960
259.56	0.04	0.00010952
259.60	0.04	0.00010157
259.64	0.04	0.00017993
259.68	0.04	0.00016144
259.72	0.04	0.00007425
259.76	0.04	0.00006301
259.80	0.04	0.00020205
259.84	0.04	0.00027559
259.88	0.04	0.00020395
259.92	0.04	0.00042446
259.96	0.04	0.00080828
260.00	0.04	0.00042538
260.04	0.04	0.00049100
260.08	0.04	0.00029180
260.12	0.04	-0.00003729
260.16	0.04	0.00048180
260.20	0.04	0.00046869
260.24	0.04	0.00041366
260.28	0.04	0.00086896
260.32	0.04	0.00060433
260.36	0.04	0.00022601
260.40	0.04	0.00032054
260.44	0.04	-0.00054328
260.48	0.04	0.00046556
260.52	0.04	0.00011278
260.56	0.04	0.00059141
260.60	0.04	0.00036268
260.64	0.04	0.00014073
260.68	0.04	-0.00010679
260.72	0.04	0.00026432
260.76	0.04	0.00045759
260.80	0.04	0.00007704
260.84	0.04	0.00032291
260.88	0.04	0.00015162
260.92	0.04	0.00019972
260.96	0.04	0.00025772
261.00	0.04	0.00025402
261.04	0.04	0.00024560
261.08	0.04	0.00036003
261.12	0.04	0.00034285
261.16	0.04	-0.00008723
261.20	0.04	0.00065840
261.24	0.04	0.00114987
261.28	0.04	0.00152813
261.32	0.04	0.00246395
261.36	0.04	0.00010754
261.40	0.04	0.00127951
261.44	0.04	0.00091935
261.48	0.04	0.00104001
261.52	0.04	0.00145143
261.56	0.04	0.00026408
261.60	0.04	-0.00094284
261.64	0.04	0.00019934
261.68	0.04	0.00127741
261.72	0.04	0.00073510
261.76	0.04	0.00045272
261.80	0.04	0.00005474
261.84	0.04	0.00022513
261.88	0.04	-0.00005736
261.92	0.04	0.00057399
261.96	0.04	-0.00011969
262.00	0.04	0.00060755
262.04	0.04	0.00021039
262.08	0.04	0.00036177
262.12	0.04	0.00069541
262.16	0.04	0.00097707
262.20	0.04	0.00010990
262.24	0.04	0.00014830
262.28	0.04	-0.00041863
262.32	0.04	0.00094123
262.36	0.04	-0.00006986
262.40	0.04	-0.00007223
262.44	0.04	0.00064915
262.48	0.04	0.00005300
262.52	0.04	0.00075797
262.56	0.04	-0.00030211
262.60	0.04	0.00026051
262.64	0.04	0.00036329
262.68	0.04	0.00088634
262.72	0.04	0.00121368
262.76	0.04	0.00095466
262.80	0.04	0.00115924
262.84	0.04	0.00157247
262.88	0.04	0.00114052
262.92	0.04	0.00119994
262.96	0.04	0.00071696
263.00	0.04	0.00092568
263.04	0.04	0.00104033
263.08	0.04	0.00123940
263.12	0.04	0.00115203
263.16	0.04	0.00088808
263.20	0.04	0.00105460
263.24	0.04	0.00105422
263.28	0.04	0.00131073
263.32	0.04	0.00122970
263.36	0.04	0.00129266
263.40	0.04	0.00123810
263.44	0.04	0.00118820
263.48	0.04	0.00131323
263.52	0.04	0.00119300
263.56	0.04	0.00064609
263.60	0.04	0.00105813
263.64	0.04	0.00115488
263.68	0.04	0.00081376
263.72	0.04	0.00092402
263.76	0.04	0.00119786
263.80	0.04	0.00115651
263.84	0.04	0.00100036
263.88	0.04	0.00121070
263.92	0.04	0.00121178
263.96	0.04	0.00089019
264.00	0.04	0.00102558
264.04	0.04	0.00111339
264.08	0.04	0.00120503
264.12	0.04	0.00097212
264.16	0.04	0.00141544
264.20	0.04	0.00107775
264.24	0.04	0.00131431
264.28	0.04	0.00129498
264.32	0.04	0.00096869
264.36	0.04	0.00105883
264.40	0.04	0.00117261
264.44	0.04	0.00109904
264.48	0.04	0.00093798
264.52	0.04	0.00114452
264.56	0.04	0.00105445
264.60	0.04	0.00090698
264.64	0.04	0.00101457
264.68	0.04	0.00097781
264.72	0.04	0.00099520
264.76	0.04	0.00114645
264.80	0.04	0.00095468
264.84	0.04	0.00102064
264.88	0.04	0.00116808
264.92	0.04	0.00119070
264.96	0.04	0.00106719
265.00	0.04	0.00122638
265.04	0.04	0.00103142
265.08	0.04	0.00115223
265.12	0.04	0.00143737
265.16	0.04	0.00124228
265.20	0.04	0.00131572
265.24	0.04	0.00127799
265.28	0.04	0.00107880
265.32	0.04	0.00119443
265.36	0.04	0.00133355
265.40	0.04	0.00136201
265.44	0.04	0.00128332
265.48	0.04	0.00120747
265.52	0.04	0.00113912
265.56	0.04	0.00154076
265.60	0.04	0.00115025
265.64	0.04	0.00108807
265.68	0.04	0.00104617
265.72	0.04	0.00098999
265.76	0.04	0.00129902
265.80	0.04	0.00144004
265.84	0.04	0.00155939
265.88	0.04	0.00118986
265.92	0.04	0.00101634
265.96	0.04	0.00087845
266.00	0.04	0.00127941
266.04	0.04	0.00117320
266.08	0.04	0.00124721
266.12	0.04	0.00101969
266.16	0.04	0.00125942
266.20	0.04	0.00147020
266.24	0.04	0.00111015
266.28	0.04	0.00133267
266.32	0.04	0.00133504
266.36	0.04	0.00116909
266.40	0.04	0.00127209
266.44	0.04	0.00084191
266.48	0.04	0.00107162
266.52	0.04	0.00133882
266.56	0.04	0.00157627
266.60	0.04	0.00116700
266.64	0.04	0.00108245
266.68	0.04	0.00039342
266.72	0.04	-0.00048012
266.76	0.04	-0.00071308
266.80	0.04	-0.00074257
266.84	0.04	-0.00073198
266.88	0.04	-0.00071641
266.92	0.04	-0.00071352
266.96	0.04	-0.00074445
267.00	0.04	-0.00069470
267.04	0.04	-0.00070356
267.08	0.04	-0.00064216
267.12	0.04	-0.00075785
267.16	0.04	-0.00125943
267.20	0.04	-0.00092117
267.24	0.04	-0.00113391
267.28	0.04	-0.00076873
267.32	0.04	-0.00069780
267.36	0.04	-0.00075198
267.40	0.04	-0.00071867
267.44	0.04	-0.00067390
267.48	0.04	-0.00074242
267.52	0.04	-0.00080499
267.56	0.04	-0.00083092
267.60	0.04	-0.00095545
267.64	0.04	-0.00066425
267.68	0.04	-0.00081491
267.72	0.04	-0.00085819
267.76	0.04	-0.00062499
267.80	0.04	-0.00061221
267.84	0.04	-0.00064216
267.88	0.04	-0.00057774
267.92	0.04	-0.00065615
267.96	0.04	-0.00068238
268.00	0.04	-0.00063412
268.04	0.04	-0.00066810
268.08	0.04	-0.00063704
268.12	0.04	-0.00062880
268.16	0.04	-0.00057350
268.20	0.04	-0.00058297
268.24	0.04	-0.00067058
268.28	0.04	-0.00063144
268.32	0.04	-0.00068660
268.36	0.04	-0.00071121
268.40	0.04	-0.00061492
268.44	0.04	-0.00066796
268.48	0.04	-0.00061988
268.52	0.04	-0.00069889
268.56	0.04	-0.00068249
268.60	0.04	-0.00064378
268.64	0.04	-0.00065555
268.68	0.04	-0.00061053
268.72	0.04	-0.00048259
268.76	0.04	-0.00056187
268.80	0.04	-0.00063687
268.84	0.04	-0.00062376
268.88	0.04	-0.00057002
268.92	0.04	-0.00059672
268.96	0.04	-0.00067589
269.00	0.04	-0.00062343
269.04	0.04	-0.00064778
269.08	0.04	-0.00063091
269.12	0.04	-0.00064580
269.16	0.04	-0.00065309
269.20	0.04	-0.00067303
269.24	0.04	-0.00057990
269.28	0.04	-0.00065788
269.32	0.04	-0.00066114
269.36	0.04	-0.00067738
269.40	0.04	-0.00059537
269.44	0.04	-0.00064894
269.48	0.04	-0.00063539
269.52	0.04	-0.00073488
269.56	0.04	-0.00064833
269.60	0.04	-0.00059509
269.64	0.04	-0.00064021
269.68	0.04	-0.00067020
269.72	0.04	-0.00062108
269.76	0.04	-0.00064017
269.80	0.04	-0.00059577
269.84	0.04	-0.00055945
269.88	0.04	-0.00057570
269.92	0.04	-0.00068605
269.96	0.04	-0.00070709
270.00	0.04	-0.00067906
270.04	0.04	-0.00063167
270.08	0.04	-0.00059446
270.12	0.04	-0.00058874
270.16	0.04	-0.00065026
270.20	0.04	-0.00074773
270.24	0.04	-0.00061123
270.28	0.04	-0.00066727
270.32	0.04	-0.00067768
270.36	0.04	-0.00060917
270.40	0.04	-0.00062438
270.44	0.04	-0.00053161
270.48	0.04	-0.00058249
270.52	0.04	-0.00054960
270.56	0.04	-0.00058183
270.60	0.04	-0.00063006
270.64	0.04	-0.00062751
270.68	0.04	-0.00061927
270.72	0.04	-0.00058721
270.76	0.04	-0.00055088
270.80	0.04	-0.00060607
270.84	0.04	-0.00053087
270.88	0.04	-0.00055676
270.92	0.04	-0.00056705
270.96	0.04	-0.00058292
271.00	0.04	-0.00062766
271.04	0.04	-0.00060504
271.08	0.04	-0.00057441
271.12	0.04	-0.00060505
271.16	0.04	-0.00062234
271.20	0.04	-0.00065241
271.24	0.04	-0.00061084
271.28	0.04	-0.00064218
271.32	0.04	-0.00054081
271.36	0.04	-0.00057269
271.40	0.04	-0.00062475
271.44	0.04	-0.00052672
271.48	0.04	-0.00044187
271.52	0.04	-0.00042145
271.56	0.04	-0.00048040
271.60	0.04	-0.00044656
271.64	0.04	-0.00048602
271.68	0.04	-0.00061213
271.72	0.04	-0.00058301
271.76	0.04	-0.00055852
271.80	0.04	-0.00061127
271.84	0.04	-0.00055014
271.88	0.04	-0.00054791
271.92	0.04	-0.00060978
271.96	0.04	-0.00087805
272.00	0.04	-0.00072435
272.04	0.04	-0.00064928
272.08	0.04	-0.00060383
272.12	0.04	-0.00052826
272.16	0.04	-0.00058298
272.20	0.04	-0.00056305
272.24	0.04	-0.00060383
272.28	0.04	-0.00067299
272.32	0.04	-0.00060871
272.36	0.04	-0.00060880
272.40	0.04	-0.00060349
272.44	0.04	-0.00052925
272.48	0.04	-0.00056378
272.52	0.04	-0.00057134
272.56	0.04	-0.00057863
272.60	0.04	-0.00050909
272.64	0.04	-0.00058445
272.68	0.04	-0.00059138
272.72	0.04	-0.00058078
272.76	0.04	-0.00057231
272.80	0.04	-0.00055500
272.84	0.04	-0.00051724
272.88	0.04	-0.00061206
272.92	0.04	-0.00057461
272.96	0.04	-0.00064181
273.00	0.04	-0.00059522
273.04	0.04	-0.00116038
273.08	0.04	-0.00218158
273.12	0.04	-0.00365715
273.16	0.04	-0.00456042
273.20	0.04	-0.00284674
273.24	0.04	-0.00225339
273.28	0.04	-0.00137528
273.32	0.04	-0.00242132
273.36	0.04	-0.00261046
273.40	0.04	-0.00138286
273.44	0.04	-0.00083439
273.48	0.04	-0.00115491
273.52	0.04	-0.00093461
273.56	0.04	-0.00077830
273.60	0.04	-0.00072721
273.64	0.04	-0.00069944
273.68	0.04	-0.00129400
273.72	0.04	-0.00083983
273.76	0.04	-0.00102445
273.80	0.04	-0.00080569
273.84	0.04	-0.00077546
273.88	0.04	-0.00108309
273.92	0.04	-0.00715988
273.96	0.04	-0.00248416
274.00	0.04	-0.00159708
274.04	0.04	-0.00136491
274.08	0.04	-0.00129332
274.12	0.04	-0.00107766
274.16	0.04	-0.00116635
274.20	0.04	-0.00087076
274.24	0.04	-0.00085780
274.28	0.04	-0.00090385
274.32	0.04	-0.00087595
274.36	0.04	-0.00083026
274.40	0.04	-0.00113792
274.44	0.04	-0.00075578
274.48	0.04	-0.00071939
274.52	0.04	-0.00079404
274.56	0.04	-0.00074871
274.60	0.04	-0.00063471
274.64	0.04	-0.00058575
274.68	0.04	-0.00062678
274.72	0.04	-0.00061741
274.76	0.04	-0.00064563
274.80	0.04	-0.00140818
274.84	0.04	-0.00107531
274.88	0.04	-0.00078638
274.92	0.04	-0.00069505
274.96	0.04	-0.00071123
275.00	0.04	-0.00119450
275.04	0.04	-0.00177784
275.08	0.04	-0.00173442
275.12	0.04	-0.00142440
275.16	0.04	-0.00146548
275.20	0.04	-0.00164415
275.24	0.04	-0.00160528
275.28	0.04	-0.00159249
275.32	0.04	-0.00131677
275.36	0.04	-0.00090911
275.40	0.04	-0.00069318
275.44	0.04	-0.00080418
275.48	0.04	-0.00072589
275.52	0.04	-0.00064320
275.56	0.04	-0.00061320
275.60	0.04	-0.00051849
275.64	0.04	-0.00056727
275.68	0.04	-0.00061355
275.72	0.04	-0.00118005
275.76	0.04	-0.00049048
275.80	0.04	-0.00049292
275.84	0.04	-0.00044801
275.88	0.04	-0.00046422
275.92	0.04	-0.00046163
275.96	0.04	-0.00043429
276.00	0.04	-0.00047046
276.04	0.04	-0.00047899
276.08	0.04	-0.00044640
276.12	0.04	-0.00040055
276.16	0.04	-0.00043426
276.20	0.04	-0.00041103
276.24	0.04	-0.00045581
276.28	0.04	-0.00035751
276.32	0.04	-0.00035009
276.36	0.04	-0.00036389
276.40	0.04	-0.00031069
276.44	0.04	-0.00036329
276.48	0.04	-0.00037238
276.52	0.04	-0.00034832
276.56	0.04	-0.00036023
276.60	0.04	-0.00025230
276.64	0.04	-0.00034701
276.68	0.04	-0.00030332
276.72	0.04	-0.00036098
276.76	0.04	-0.00030448
276.80	0.04	-0.00034426
276.84	0.04	-0.00037063
276.88	0.04	-0.00035031
276.92	0.04	-0.00032953
276.96	0.04	-0.00032621
277.00	0.04	-0.00028283
277.04	0.04	-0.00042313
277.08	0.04	-0.00033606
277.12	0.04	-0.00030585
277.16	0.04	-0.00040399
277.20	0.04	-0.00041108
277.24	0.04	-0.00051225
277.28	0.04	-0.00042071
277.32	0.04	-0.00034122
277.36	0.04	-0.00041780
277.40	0.04	-0.00040011
277.44	0.04	-0.00041408
277.48	0.04	-0.00043720
277.52	0.04	-0.00046227
277.56	0.04	-0.00044295
277.60	0.04	-0.00039523
277.64	0.04	-0.00040589
277.68	0.04	-0.00036987
277.72	0.04	-0.00037967
277.76	0.04	-0.00039417
277.80	0.04	-0.00036008
277.84	0.04	-0.00038351
277.88	0.04	-0.00038959
277.92	0.04	-0.00050003
277.96	0.04	-0.00033955
278.00	0.04	-0.00036292
278.04	0.04	-0.00043169
278.08	0.04	-0.00038266
278.12	0.04	-0.00045555
278.16	0.04	-0.00044397
278.20	0.04	-0.00043872
278.24	0.04	-0.00037587
278.28	0.04	-0.00040172
278.32	0.04	-0.00031626
278.36	0.04	-0.00023848
278.40	0.04	-0.00026066
278.44	0.04	-0.00030652
278.48	0.04	-0.00031016
278.52	0.04	-0.00032862
278.56	0.04	-0.00034687
278.60	0.04	-0.00028109
278.64	0.04	-0.00030371
278.68	0.04	-0.00036189
278.72	0.04	-0.00030780
278.76	0.04	-0.00029973
278.80	0.04	-0.00032456
278.84	0.04	-0.00031625
278.88	0.04	-0.00025075
278.92	0.04	-0.00031080
278.96	0.04	-0.00030416
279.00	0.04	-0.00024886
279.04	0.04	-0.00023706
279.08	0.04	-0.00026355
279.12	0.04	-0.00019196
279.16	0.04	-0.00029553
279.20	0.04	-0.00029940
279.24	0.04	-0.00036638
279.28	0.04	-0.00032078
279.32	0.04	-0.00033777
279.36	0.04	-0.00032347
279.40	0.04	-0.00036093
279.44	0.04	-0.00036365
279.48	0.04	-0.00022586
279.52	0.04	-0.00033865
279.56	0.04	-0.00034708
279.60	0.04	-0.00034847
279.64	0.04	-0.00038762
279.68	0.04	-0.00037147
279.72	0.04	-0.00036508
279.76	0.04	-0.00033766
279.80	0.04	-0.00040728
279.84	0.04	-0.00030444
279.88	0.04	-0.00027268
279.92	0.04	-0.00027452
279.96	0.04	-0.00032190
280.00	0.04	-0.00029962
280.04	0.04	-0.00026722
280.08	0.04	-0.00026698
280.12	0.04	-0.00023156
280.16	0.04	-0.00021024
280.20	0.04	-0.00020301
280.24	0.04	-0.00017331
280.28	0.04	-0.00019212
280.32	0.04	-0.00023398
280.36	0.04	-0.00017091
280.40	0.04	-0.00019442
280.44	0.04	-0.00013551
280.48	0.04	-0.00018285
280.52	0.04	-0.00023655
280.56	0.04	-0.00019196
280.60	0.04	-0.00018359
280.64	0.04	-0.00022971
280.68	0.04	-0.00017927
280.72	0.04	-0.00022797
280.76	0.04	-0.00021480
280.80	0.04	-0.00021310
280.84	0.04	-0.00023510
280.88	0.04	-0.00020461
280.92	0.04	-0.00013589
280.96	0.04	-0.00014886
281.00	0.04	-0.00018882
281.04	0.04	-0.00023419
281.08	0.04	-0.00021670
281.12	0.04	-0.00021297
281.16	0.04	-0.00023457
281.20	0.04	-0.00026191
281.24	0.04	-0.00022870
281.28	0.04	-0.00020998
281.32	0.04	-0.00013673
281.36	0.04	-0.00017608
281.40	0.04	-0.00019615
281.44	0.04	-0.00018023
281.48	0.04	-0.00019144
281.52	0.04	-0.00012362
281.56	0.04	-0.00015060
281.60	0.04	-0.00016676
281.64	0.04	-0.00006995
281.68	0.04	-0.00013839
281.72	0.04	-0.00012845
281.76	0.04	-0.00006683
281.80	0.04	-0.00013305
281.84	0.04	-0.00018080
281.88	0.04	-0.00013021
281.92	0.04	-0.00013224
281.96	0.04	-0.00016784
282.00	0.04	-0.00013225
282.04	0.04	-0.00015043
282.08	0.04	-0.00005253
282.12	0.04	-0.00008332
282.16	0.04	-0.00006888
282.20	0.04	-0.00012459
282.24	0.04	-0.00007532
282.28	0.04	-0.00004957
282.32	0.04	-0.00008081
282.36	0.04	-0.00007701
282.40	0.04	-0.00020160
282.44	0.04	-0.00019107
282.48	0.04	-0.00022903
282.52	0.04	-0.00016170
282.56	0.04	-0.00018817
282.60	0.04	-0.00017553
282.64	0.04	-0.00023461
282.68	0.04	-0.00027470
282.72	0.04	-0.00021550
282.76	0.04	-0.00016235
282.80	0.04	-0.00023342
282.84	0.04	-0.00029268
282.88	0.04	-0.00023508
282.92	0.04	-0.00020580
282.96	0.04	-0.00015685
283.00	0.04	-0.00021071
283.04	0.04	-0.00019088
283.08	0.04	-0.00018920
283.12	0.04	-0.00018386
283.16	0.04	-0.00014106
283.20	0.04	-0.00013937
283.24	0.04	-0.00014531
283.28	0.04	-0.00019950
283.32	0.04	-0.00018901
283.36	0.04	-0.00011605
283.40	0.04	-0.00003771
283.44	0.04	-0.00006030
283.48	0.04	-0.00009701
283.52	0.04	-0.00014996
283.56	0.04	-0.00009239
283.60	0.04	-0.00006258
283.64	0.04	-0.00009188
283.68	0.04	-0.00008439
283.72	0.04	-0.00011150
283.76	0.04	-0.00012850
283.80	0.04	-0.00009897
283.84	0.04	-0.00014921
283.88	0.04	-0.00016278
283.92	0.04	-0.00003048
283.96	0.04	-0.00006513
284.00	0.04	0.00006090
284.04	0.04	-0.00006842
284.08	0.04	-0.00003677
284.12	0.04	-0.00001474
284.16	0.04	-0.00003324
284.20	0.04	-0.00008199
284.24	0.04	-0.00010192
284.28	0.04	-0.00013349
284.32	0.04	-0.00015473
284.36	0.04	-0.00012473
284.40	0.04	-0.00014659
284.44	0.04	-0.00021983
284.48	0.04	-0.00017920
284.52	0.04	-0.00011763
284.56	0.04	-0.00013012
284.60	0.04	-0.00015739
284.64	0.04	-0.00015184
284.68	0.04	-0.00016104
284.72	0.04	-0.00010261
284.76	0.04	-0.00008709
284.80	0.04	-0.00008784
284.84	0.04	-0.00017092
284.88	0.04	-0.00019539
284.92	0.04	-0.00023421
284.96	0.04	-0.00020097
285.00	0.04	-0.00022968
285.04	0.04	-0.00022574
285.08	0.04	-0.00025616
285.12	0.04	-0.00016420
285.16	0.04	-0.00015869
285.20	0.04	-0.00012885
285.24	0.04	-0.00017184
285.28	0.04	-0.00011295
285.32	0.04	-0.00013944
285.36	0.04	-0.00020281
285.40	0.04	-0.00016515
285.44	0.04	-0.00016663
285.48	0.04	-0.00016563
285.52	0.04	-0.00008969
285.56	0.04	-0.00019935
285.60	0.04	-0.00018707
285.64	0.04	-0.00012917
285.68	0.04	-0.00019479
285.72	0.04	-0.00014839
285.76	0.04	-0.00013935
285.80	0.04	-0.00014254
285.84	0.04	-0.00017280
285.88	0.04	-0.00021719
285.92	0.04	-0.00016362
285.96	0.04	-0.00019531
286.00	0.04	-0.00015533
286.04	0.04	-0.00023096
286.08	0.04	-0.00017346
286.12	0.04	-0.00017869
286.16	0.04	-0.00012901
286.20	0.04	-0.00018961
286.24	0.04	-0.00021716
286.28	0.04	-0.00017724
286.32	0.04	-0.00024471
286.36	0.04	-0.00018657
286.40	0.04	-0.00017981
286.44	0.04	-0.00019052
286.48	0.04	-0.00020881
286.52	0.04	-0.00021131
286.56	0.04	-0.00019379
286.60	0.04	-0.00022067
286.64	0.04	-0.00022709
286.68	0.04	-0.00015674
286.72	0.04	-0.00007368
286.76	0.04	-0.00010022
286.80	0.04	-0.00001771
286.84	0.04	-0.00008644
286.88	0.04	-0.00048167
286.92	0.04	0.00017579
286.96	0.04	0.00025189
287.00	0.04	0.00012605
287.04	0.04	-0.00002833
287.08	0.04	-0.00046115
287.12	0.04	-0.00030567
287.16	0.04	-0.00033321
287.20	0.04	-0.00006184
287.24	0.04	-0.00002200
287.28	0.04	-0.00007191
287.32	0.04	-0.00017612
287.36	0.04	-0.00011160
287.40	0.04	-0.00014999
287.44	0.04	-0.00017219
287.48	0.04	-0.00015449
287.52	0.04	-0.00020301
287.56	0.04	0.00003770
287.60	0.04	-0.00017749
287.64	0.04	0.00000834
287.68	0.04	0.00004552
287.72	0.04	-0.00000325
287.76	0.04	-0.00001096
287.80	0.04	0.00001881
287.84	0.04	-0.00002646
287.88	0.04	-0.00013547
287.92	0.04	-0.00010591
287.96	0.04	-0.00007338
288.00	0.04	-0.00007676
288.04	0.04	-0.00000134
288.08	0.04	-0.00005336
288.12	0.04	-0.00007062
288.16	0.04	-0.00007085
288.20	0.04	0.00010784
288.24	0.04	-0.00006725
288.28	0.04	-0.00009282
288.32	0.04	-0.00011275
288.36	0.04	-0.00004156
288.40	0.04	0.00004262
288.44	0.04	-0.00005529
288.48	0.04	-0.00004813
288.52	0.04	-0.00010010
288.56	0.04	-0.00006575
288.60	0.04	-0.00012331
288.64	0.04	-0.00011214
288.68	0.04	-0.00011987
288.72	0.04	-0.00010706
288.76	0.04	-0.00012488
288.80	0.04	-0.00014333
288.84	0.04	-0.00015138
288.88	0.04	-0.00013409
288.92	0.04	-0.00014115
288.96	0.04	-0.00009264
289.00	0.04	-0.00006909
289.04	0.04	-0.00007077
289.08	0.04	-0.00011501
289.12	0.04	-0.00012712
289.16	0.04	-0.00015698
289.20	0.04	-0.00008024
289.24	0.04	-0.00010231
289.28	0.04	-0.00009539
289.32	0.04	-0.00007581
289.36	0.04	-0.00014879
289.40	0.04	-0.00014431
289.44	0.04	-0.00012268
289.48	0.04	-0.00010168
289.52	0.04	-0.00009722
289.56	0.04	-0.00010516
289.60	0.04	-0.00009354
289.64	0.04	-0.00010180
289.68	0.04	-0.00012777
289.72	0.04	-0.00007847
289.76	0.04	-0.00007138
289.80	0.04	-0.00007286
289.84	0.04	-0.00007075
289.88	0.04	-0.00014796
289.92	0.04	-0.00016173
289.96	0.04	-0.00010737
290.00	0.04	-0.00009126
290.04	0.04	-0.00005768
290.08	0.04	-0.00010695
290.12	0.04	-0.00015430
290.16	0.04	-0.00013640
290.20	0.04	-0.00015266
290.24	0.04	-0.00011734
290.28	0.04	-0.00014858
290.32	0.04	-0.00012348
290.36	0.04	-0.00010225
290.40	0.04	-0.00005996
290.44	0.04	-0.00013285
290.48	0.04	-0.00010691
290.52	0.04	-0.00012168
290.56	0.04	-0.00008518
290.60	0.04	-0.00011576
290.64	0.04	-0.00008631
290.68	0.04	-0.00009281
290.72	0.04	-0.00013406
290.76	0.04	-0.00010601
290.80	0.04	-0.00010916
290.84	0.04	-0.00012503
290.88	0.04	-0.00010969
290.92	0.04	-0.00012076
290.96	0.04	-0.00001118
291.00	0.04	-0.00002787
291.04	0.04	-0.00007210
291.08	0.04	-0.00000591
291.12	0.04	-0.00009220
291.16	0.04	-0.00006976
291.20	0.04	-0.00005226
291.24	0.04	-0.00006098
291.28	0.04	-0.00006721
291.32	0.04	-0.00006867
291.36	0.04	-0.00007457
291.40	0.04	-0.00004809
291.44	0.04	-0.00007698
291.48	0.04	-0.00006972
291.52	0.04	-0.00010446
291.56	0.04	-0.00010527
291.60	0.04	-0.00002807
291.64	0.04	-0.00005888
291.68	0.04	-0.00003705
291.72	0.04	-0.00007143
291.76	0.04	-0.00008707
291.80	0.04	-0.00009801
291.84	0.04	-0.00007412
291.88	0.04	-0.00004042
291.92	0.04	-0.00004914
291.96	0.04	-0.00002366
292.00	0.04	0.00000271
292.04	0.04	-0.00001799
292.08	0.04	-0.00002578
292.12	0.04	-0.00005653
292.16	0.04	-0.00005474
292.20	0.04	-0.00004465
292.24	0.04	-0.00005467
292.28	0.04	-0.00002220
292.32	0.04	-0.00004021
292.36	0.04	-0.00006565
292.40	0.04	-0.00004682
292.44	0.04	-0.00005595
292.48	0.04	-0.00002257
292.52	0.04	-0.00004124
292.56	0.04	-0.00007807
292.60	0.04	-0.00004561
292.64	0.04	-0.00003671
292.68	0.04	-0.00004919
292.72	0.04	-0.00006851
292.76	0.04	-0.00005068
292.80	0.04	-0.00005912
292.84	0.04	-0.00005166
292.88	0.04	-0.00001700
292.92	0.04	-0.00004410
292.96	0.04	-0.00006043
293.00	0.04	-0.00003482
293.04	0.04	-0.00005989
293.08	0.04	-0.00007044
293.12	0.04	-0.00007688
293.16	0.04	-0.00004175
293.20	0.04	-0.00004502
293.24	0.04	-0.00008179
293.28	0.04	0.00000930
293.32	0.04	-0.00004248
293.36	0.04	-0.00004647
293.40	0.04	-0.00007231
293.44	0.04	-0.00007267
293.48	0.04	-0.00005652
293.52	0.04	-0.00007055
293.56	0.04	-0.00005999
293.60	0.04	-0.00005430
293.64	0.04	-0.00006918
293.68	0.04	-0.00005545
293.72	0.04	-0.00008300
293.76	0.04	-0.00007519
293.80	0.04	-0.00008874
293.84	0.04	-0.00012065
293.88	0.04	-0.00006626
293.92	0.04	-0.00008564
293.96	0.04	-0.00010578
294.00	0.04	-0.00008870
294.04	0.04	-0.00007977
294.08	0.04	-0.00008663
294.12	0.04	-0.00010392
294.16	0.04	-0.00011389
294.20	0.04	-0.00006535
294.24	0.04	-0.00009568
294.28	0.04	-0.00011545
294.32	0.04	-0.00010293
294.36	0.04	-0.00006425
294.40	0.04	-0.00007578
294.44	0.04	-0.00015862
294.48	0.04	-0.00012630
294.52	0.04	-0.00018394
294.56	0.04	-0.00015936
294.60	0.04	-0.00014401
294.64	0.04	-0.00013852
294.68	0.04	-0.00022529
294.72	0.04	-0.00029979
294.76	0.04	-0.00009400
294.80	0.04	-0.00015351
294.84	0.04	-0.00016984
294.88	0.04	-0.00020171
294.92	0.04	-0.00016476
294.96	0.04	-0.00009209
295.00	0.04	-0.00010845
295.04	0.04	-0.00012369
295.08	0.04	-0.00013872
295.12	0.04	-0.00019110
295.16	0.04	-0.00019779
295.20	0.04	-0.00022573
295.24	0.04	-0.00033824
295.28	0.04	-0.00023840
295.32	0.04	-0.00019920
295.36	0.04	-0.00012533
295.40	0.04	-0.00018203
295.44	0.04	-0.00005903
295.48	0.04	-0.00016968
295.52	0.04	-0.00012874
295.56	0.04	-0.00014180
295.60	0.04	-0.00014300
295.64	0.04	-0.00016178
295.68	0.04	-0.00011395
295.72	0.04	-0.00003275
295.76	0.04	-0.00009440
295.80	0.04	-0.00004594
295.84	0.04	-0.00009038
295.88	0.04	-0.00002393
295.92	0.04	-0.00008199
295.96	0.04	-0.00010748
296.00	0.04	-0.00009198
296.04	0.04	-0.00006472
296.08	0.04	-0.00008573
296.12	0.04	-0.00008185
296.16	0.04	-0.00018746
296.20	0.04	-0.00007000
296.24	0.04	-0.00006475
296.28	0.04	-0.00010749
296.32	0.04	-0.00009177
296.36	0.04	-0.00014257
296.40	0.04	0.00000233
296.44	0.04	-0.00007068
296.48	0.04	-0.00007609
296.52	0.04	-0.00008151
296.56	0.04	-0.00009930
296.60	0.04	-0.00011760
296.64	0.04	-0.00007503
296.68	0.04	-0.00013509
296.72	0.04	-0.00008795
296.76	0.04	-0.00011074
296.80	0.04	-0.00006498
296.84	0.04	-0.00006113
296.88	0.04	-0.00005534
296.92	0.04	-0.00007591
296.96	0.04	-0.00005671
297.00	0.04	-0.00011963
297.04	0.04	-0.00008488
297.08	0.04	-0.00010954
297.12	0.04	-0.00006184
297.16	0.04	-0.00011686
297.20	0.04	-0.00011813
297.24	0.04	-0.00020865
297.28	0.04	-0.00013229
297.32	0.04	-0.00017631
297.36	0.04	-0.00019712
297.40	0.04	-0.00010774
297.44	0.04	-0.00017542
297.48	0.04	-0.00013850
297.52	0.04	-0.00022218
297.56	0.04	-0.00019046
297.60	0.04	-0.00009861
297.64	0.04	-0.00006715
297.68	0.04	-0.00010144
297.72	0.04	-0.00011389
297.76	0.04	-0.00011625
297.80	0.04	-0.00009538
297.84	0.04	-0.00006840
297.88	0.04	-0.00009900
297.92	0.04	-0.00009871
297.96	0.04	-0.00008329
298.00	0.04	-0.00007702
298.04	0.04	-0.00016575
298.08	0.04	-0.00014160
298.12	0.04	-0.00010517
298.16	0.04	-0.00009919
298.20	0.04	-0.00004832
298.24	0.04	-0.00010225
298.28	0.04	-0.00011783
298.32	0.04	-0.00011253
298.36	0.04	-0.00008826
298.40	0.04	-0.00009158
298.44	0.04	-0.00012404
298.48	0.04	-0.00010258
298.52	0.04	-0.00009271
298.56	0.04	-0.00012724
298.60	0.04	-0.00010506
298.64	0.04	-0.00020354
298.68	0.04	-0.00013346
298.72	0.04	-0.00019277
298.76	0.04	-0.00012337
298.80	0.04	-0.00020901
298.84	0.04	-0.00009470
298.88	0.04	-0.00012845
298.92	0.04	-0.00013617
298.96	0.04	-0.00013608
299.00	0.04	-0.00012094
299.04	0.04	-0.00013645
299.08	0.04	-0.00011169
299.12	0.04	-0.00012095
299.16	0.04	-0.00014253
299.20	0.04	-0.00007812
299.24	0.04	-0.00009894
299.28	0.04	-0.00008312
299.32	0.04	-0.00008667
299.36	0.04	-0.00010076
299.40	0.04	-0.00006733
299.44	0.04	-0.00002634
299.48	0.04	-0.00007970
299.52	0.04	-0.00006913
299.56	0.04	-0.00014236
299.60	0.04	-0.00006209
299.64	0.04	-0.00006876
299.68	0.04	-0.00010238
299.72	0.04	-0.00010211
299.76	0.04	-0.00012578
299.80	0.04	-0.00010567
299.84	0.04	-0.00009774
299.88	0.04	-0.00019645
299.92	0.04	-0.00018488
299.96	0.04	-0.00016969
300.00	0.04	-0.00036323
300.04	0.04	-0.00037969
300.08	0.04	-0.00032958
300.12	0.04	-0.00038428
300.16	0.04	-0.00044304
300.20	0.04	-0.00037897
300.24	0.04	-0.00026436
300.28	0.04	-0.00027681
300.32	0.04	-0.00014854
300.36	0.04	-0.00029560
300.40	0.04	-0.00028186
300.44	0.04	-0.00033844
300.48	0.04	-0.00026636
300.52	0.04	-0.00028708
300.56	0.04	-0.00025309
300.60	0.04	-0.00020351
300.64	0.04	-0.00015072
300.68	0.04	-0.00017703
300.72	0.04	-0.00010926
300.76	0.04	-0.00008636
300.80	0.04	-0.00007401
300.84	0.04	-0.00013923
300.88	0.04	-0.00012192
300.92	0.04	-0.00011397
300.96	0.04	-0.00005087
301.00	0.04	-0.00006634
301.04	0.04	-0.00003340
301.08	0.04	-0.00008736
301.12	0.04	-0.00008006
301.16	0.04	-0.00005963
301.20	0.04	-0.00008263
301.24	0.04	-0.00005767
301.28	0.04	-0.00006401
301.32	0.04	-0.00003352
301.36	0.04	-0.00006081
301.40	0.04	-0.00005523
301.44	0.04	-0.00008217
301.48	0.04	-0.00002624
301.52	0.04	-0.00001455
301.56	0.04	0.00000196
301.60	0.04	-0.00003491
301.64	0.04	-0.00001975
301.68	0.04	-0.00000887
301.72	0.04	-0.00007369
301.76	0.04	-0.00000990
301.80	0.04	-0.00006603
301.84	0.04	-0.00003373
301.88	0.04	-0.00001697
301.92	0.04	-0.00003633
301.96	0.04	-0.00007073
302.00	0.04	-0.00004280
302.04	0.04	-0.00009367
302.08	0.04	-0.00005667
302.12	0.04	-0.00004896
302.16	0.04	-0.00002430
302.20	0.04	-0.00005255
302.24	0.04	-0.00006161
302.28	0.04	-0.00001766
302.32	0.04	-0.00006900
302.36	0.04	-0.00005806
302.40	0.04	-0.00004405
302.44	0.04	-0.00007568
302.48	0.04	-0.00006569
302.52	0.04	-0.00006363
302.56	0.04	-0.00006242
302.60	0.04	-0.00002852
302.64	0.04	-0.00003340
302.68	0.04	-0.00005232
302.72	0.04	-0.00004447
302.76	0.04	-0.00004932
302.80	0.04	-0.00006018
302.84	0.04	-0.00006160
302.88	0.04	-0.00005110
302.92	0.04	-0.00003213
302.96	0.04	-0.00003798
303.00	0.04	-0.00004120
303.04	0.04	-0.00002652
303.08	0.04	-0.00007715
303.12	0.04	-0.00006769
303.16	0.04	0.00000070
303.20	0.04	-0.00006806
303.24	0.04	-0.00003353
303.28	0.04	-0.00004668
303.32	0.04	-0.00006734
303.36	0.04	-0.00009362
303.40	0.04	-0.00010106
303.44	0.04	-0.00005611
303.48	0.04	-0.00005600
303.52	0.04	-0.00008350
303.56	0.04	-0.00010012
303.60	0.04	-0.00007845
303.64	0.04	-0.00008103
303.68	0.04	-0.00008205
303.72	0.04	-0.00008923
303.76	0.04	-0.00006627
303.80	0.04	-0.00009365
303.84	0.04	-0.00006346
303.88	0.04	-0.00005520
303.92	0.04	-0.00005705
303.96	0.04	-0.00007082
304.00	0.04	-0.00005586
304.04	0.04	-0.00008676
304.08	0.04	-0.00009166
304.12	0.04	-0.00009086
304.16	0.04	-0.00007317
304.20	0.04	-0.00007601
304.24	0.04	-0.00007770
304.28	0.04	-0.00007449
304.32	0.04	-0.00009022
304.36	0.04	-0.00009632
304.40	0.04	-0.00013717
304.44	0.04	-0.00010569
304.48	0.04	-0.00009388
304.52	0.04	-0.00010498
304.56	0.04	-0.00010596
304.60	0.04	-0.00006787
304.64	0.04	-0.00009151
304.68	0.04	-0.00009844
304.72	0.04	-0.00008930
304.76	0.04	-0.00009645
304.80	0.04	-0.00003757
304.84	0.04	-0.00006052
304.88	0.04	-0.00011721
304.92	0.04	-0.00011161
304.96	0.04	-0.00009985
305.00	0.04	-0.00011523
305.04	0.04	-0.00009238
305.08	0.04	-0.00009865
305.12	0.04	-0.00009464
305.16	0.04	-0.00008667
305.20	0.04	-0.00011040
305.24	0.04	-0.00009633
305.28	0.04	-0.00013304
305.32	0.04	-0.00019560
305.36	0.04	-0.00022321
305.40	0.04	-0.00022611
305.44	0.04	-0.00014020
305.48	0.04	-0.00016861
305.52	0.04	-0.00017587
305.56	0.04	-0.00014688
305.60	0.04	-0.00021446
305.64	0.04	-0.00012927
305.68	0.04	-0.00022639
305.72	0.04	-0.00023228
305.76	0.04	-0.00013982
305.80	0.04	-0.00020593
305.84	0.04	-0.00013929
305.88	0.04	-0.00018611
305.92	0.04	-0.00016917
305.96	0.04	-0.00016569
306.00	0.04	-0.00013513
306.04	0.04	-0.00018886
306.08	0.04	-0.00005246
306.12	0.04	-0.00008803
306.16	0.04	-0.00008190
306.20	0.04	-0.00009577
306.24	0.04	-0.00015846
306.28	0.04	-0.00022451
306.32	0.04	-0.00016205
306.36	0.04	-0.00014631
306.40	0.04	-0.00012288
306.44	0.04	-0.00013569
306.48	0.04	-0.00014598
306.52	0.04	-0.00007441
306.56	0.04	-0.00008683
306.60	0.04	-0.00007794
306.64	0.04	-0.00005080
306.68	0.04	-0.00012365
306.72	0.04	-0.00001799
306.76	0.04	-0.00006316
306.80	0.04	-0.00005625
306.84	0.04	-0.00004415
306.88	0.04	-0.00003126
306.92	0.04	-0.00004737
306.96	0.04	-0.00007113
307.00	0.04	-0.00004991
307.04	0.04	-0.00006378
307.08	0.04	-0.00006635
307.12	0.04	-0.00014998
307.16	0.04	-0.00004640
307.20	0.04	-0.00007690
307.24	0.04	-0.00010611
307.28	0.04	-0.00009982
307.32	0.04	-0.00018399
307.36	0.04	-0.00006897
307.40	0.04	-0.00009311
307.44	0.04	-0.00000550
307.48	0.04	-0.00005586
307.52	0.04	-0.00006757
307.56	0.04	-0.00008165
307.60	0.04	-0.00005961
307.64	0.04	-0.00008715
307.68	0.04	-0.00009054
307.72	0.04	-0.00007320
307.76	0.04	-0.00014438
307.80	0.04	-0.00006635
307.84	0.04	-0.00007686
307.88	0.04	-0.00011107
307.92	0.04	-0.00005177
307.96	0.04	-0.00004011
308.00	0.04	-0.00005044
308.04	0.04	-0.00004193
308.08	0.04	-0.00001585
308.12	0.04	-0.00004329
308.16	0.04	-0.00005568
308.20	0.04	-0.00005211
308.24	0.04	-0.00003529
308.28	0.04	-0.00007090
308.32	0.04	-0.00004883
308.36	0.04	-0.00008366
308.40	0.04	-0.00006949
308.44	0.04	-0.00006882
308.48	0.04	-0.00005862
308.52	0.04	-0.00005165
308.56	0.04	-0.00000738
308.60	0.04	-0.00006285
308.64	0.04	-0.00003894
308.68	0.04	-0.00005568
308.72	0.04	0.00001300
308.76	0.04	-0.00005002
308.80	0.04	-0.00002982
308.84	0.04	-0.00002421
308.88	0.04	-0.00004732
308.92	0.04	-0.00007350
308.96	0.04	-0.00001887
309.00	0.04	-0.00002911
309.04	0.04	-0.00000992
309.08	0.04	-0.00001870
309.12	0.04	-0.00003454
309.16	0.04	0.00002311
309.20	0.04	-0.00002662
309.24	0.04	-0.00004638
309.28	0.04	-0.00002909
309.32	0.04	-0.00001158
309.36	0.04	-0.00003789
309.40	0.04	-0.00005687
309.44	0.04	-0.00003275
309.48	0.04	-0.00007559
309.52	0.04	-0.00007202
309.56	0.04	-0.00003497
309.60	0.04	-0.00006703
309.64	0.04	-0.00004816
309.68	0.04	-0.00004651
309.72	0.04	0.00000427
309.76	0.04	-0.00002827
309.80	0.04	-0.00003269
309.84	0.04	-0.00005448
309.88	0.04	-0.00002870
309.92	0.04	-0.00002957
309.96	0.04	-0.00004087
310.00	0.04	-0.00005587
310.04	0.04	-0.00003957
310.08	0.04	-0.00004882
310.12	0.04	-0.00002960
310.16	0.04	-0.00002094
310.20	0.04	-0.00004389
310.24	0.04	-0.00003322
310.28	0.04	-0.00005459
310.32	0.04	-0.00005702
310.36	0.04	-0.00007407
310.40	0.04	-0.00007198
310.44	0.04	-0.00006780
310.48	0.04	-0.00004648
310.52	0.04	-0.00004287
310.56	0.04	-0.00003217
310.60	0.04	-0.00003178
310.64	0.04	-0.00001604
310.68	0.04	-0.00001879
310.72	0.04	-0.00000820
310.76	0.04	-0.00001707
310.80	0.04	-0.00006785
310.84	0.04	-0.00002225
310.88	0.04	-0.00009303
310.92	0.04	-0.00005190
310.96	0.04	-0.00004461
311.00	0.04	-0.00003039
311.04	0.04	-0.00002118
311.08	0.04	-0.00005599
311.12	0.04	-0.00006628
311.16	0.04	-0.00005666
311.20	0.04	-0.00004965
311.24	0.04	-0.00007226
311.28	0.04	-0.00005323
311.32	0.04	-0.00007095
311.36	0.04	-0.00002538
311.40	0.04	-0.00005301
311.44	0.04	-0.00004850
311.48	0.04	-0.00004129
311.52	0.04	-0.00004948
311.56	0.04	-0.00005819
311.60	0.04	-0.00004564
311.64	0.04	-0.00004797
311.68	0.04	-0.00004684
311.72	0.04	-0.00006381
311.76	0.04	-0.00010460
311.80	0.04	-0.00009140
311.84	0.04	-0.00009125
311.88	0.04	-0.00006217
311.92	0.04	-0.00002535
311.96	0.04	-0.00005395
312.00	0.04	-0.00010131
312.04	0.04	-0.00006878
312.08	0.04	-0.00009099
312.12	0.04	-0.00009726
312.16	0.04	-0.00010357
312.20	0.04	-0.00015940
312.24	0.04	-0.00014020
312.28	0.04	-0.00005570
312.32	0.04	-0.00009637
312.36	0.04	-0.00003746
312.40	0.04	-0.00000568
312.44	0.04	-0.00001797
312.48	0.04	-0.00002817
312.52	0.04	-0.00000874
312.56	0.04	-0.00001989
312.60	0.04	-0.00003135
312.64	0.04	-0.00001784
312.68	0.04	-0.00002884
312.72	0.04	-0.00000384
312.76	0.04	-0.00002728
312.80	0.04	-0.00004898
312.84	0.04	-0.00004281
312.88	0.04	-0.00004727
312.92	0.04	-0.00011243
312.96	0.04	-0.00033272
313.00	0.04	-0.00039773
313.04	0.04	-0.00011405
313.08	0.04	-0.00134135
313.12	0.04	-0.00205622
313.16	0.04	-0.00247441
313.20	0.04	-0.00012673
313.24	0.04	-0.00003987
313.28	0.04	-0.00004235
313.32	0.04	-0.00004299
313.36	0.04	-0.00004279
313.40	0.04	-0.00002483
313.44	0.04	-0.00005054
313.48	0.04	-0.00002940
313.52	0.04	-0.00000918
313.56	0.04	-0.00002418
313.60	0.04	-0.00001586
313.64	0.04	0.00000013
313.68	0.04	-0.00001691
313.72	0.04	-0.00003196
313.76	0.04	-0.00004055
313.80	0.04	-0.00002590
313.84	0.04	-0.00002017
313.88	0.04	0.00000332
313.92	0.04	-0.00000088
313.96	0.04	-0.00000967
314.00	0.04	-0.00002792
314.04	0.04	-0.00002572
314.08	0.04	-0.00001875
314.12	0.04	-0.00002427
314.16	0.04	-0.00004695
314.20	0.04	-0.00002443
314.24	0.04	-0.00003555
314.28	0.04	0.00002031
314.32	0.04	-0.00000691
314.36	0.04	-0.00000752
314.40	0.04	-0.00001457
314.44	0.04	-0.00002362
314.48	0.04	-0.00002212
314.52	0.04	-0.00000049
314.56	0.04	-0.00002133
314.60	0.04	0.00000318
314.64	0.04	-0.00002239
314.68	0.04	-0.00002236
314.72	0.04	-0.00002028
314.76	0.04	-0.00002662
314.80	0.04	-0.00000838
314.84	0.04	-0.00002616
314.88	0.04	-0.00000300
314.92	0.04	-0.00003224
314.96	0.04	-0.00003278
315.00	0.04	-0.00001234
315.04	0.04	-0.00002622
315.08	0.04	-0.00002553
315.12	0.04	-0.00001734
315.16	0.04	-0.00002807
315.20	0.04	-0.00003067
315.24	0.04	-0.00004303
315.28	0.04	-0.00005690
315.32	0.04	-0.00003842
315.36	0.04	-0.00001990
315.40	0.04	-0.00001282
315.44	0.04	-0.00003057
315.48	0.04	0.00000479
315.52	0.04	-0.00002303
315.56	0.04	-0.00002527
315.60	0.04	-0.00003898
315.64	0.04	-0.00003387
315.68	0.04	0.00000660
315.72	0.04	-0.00001524
315.76	0.04	-0.00001367
315.80	0.04	-0.00004295
315.84	0.04	0.00001813
315.88	0.04	0.00000418
315.92	0.04	-0.00001923
315.96	0.04	-0.00002351
316.00	0.04	-0.00004846
316.04	0.04	-0.00004337
316.08	0.04	-0.00007559
316.12	0.04	-0.00001656
316.16	0.04	-0.00004086
316.20	0.04	-0.00001825
316.24	0.04	-0.00000600
316.28	0.04	-0.00003890
316.32	0.04	-0.00002491
316.36	0.04	-0.00005520
316.40	0.04	-0.00005582
316.44	0.04	-0.00004824
316.48	0.04	-0.00005255
316.52	0.04	-0.00012126
316.56	0.04	-0.00006236
316.60	0.04	-0.00003384
316.64	0.04	-0.00007676
316.68	0.04	-0.00000733
316.72	0.04	-0.00001767
316.76	0.04	-0.00001333
316.80	0.04	0.00000044
316.84	0.04	-0.00001105
316.88	0.04	-0.00003016
316.92	0.04	-0.00000916
316.96	0.04	-0.00002722
317.00	0.04	-0.00001604
317.04	0.04	-0.00002780
317.08	0.04	-0.00001230
317.12	0.04	-0.00004199
317.16	0.04	-0.00001760
317.20	0.04	-0.00003054
317.24	0.04	-0.00001676
317.28	0.04	-0.00003126
317.32	0.04	-0.00000284
317.36	0.04	-0.00000945
317.40	0.04	0.00000788
317.44	0.04	0.00000231
317.48	0.04	-0.00000342
317.52	0.04	0.00000130
317.56	0.04	-0.00002459
317.60	0.04	-0.00001323
317.64	0.04	-0.00001302
317.68	0.04	-0.00000430
317.72	0.04	-0.00001057
317.76	0.04	-0.00002105
317.80	0.04	0.00000548
317.84	0.04	0.00000266
317.88	0.04	0.00000019
317.92	0.04	-0.00001083
317.96	0.04	0.00000877
318.00	0.04	0.00000329
318.04	0.04	-0.00001133
318.08	0.04	-0.00001793
318.12	0.04	0.00000602
318.16	0.04	-0.00000673
318.20	0.04	0.00000354
318.24	0.04	-0.00000668
318.28	0.04	0.00000322
318.32	0.04	0.00000245
318.36	0.04	-0.00003381
318.40	0.04	0.00000513
318.44	0.04	-0.00002231
318.48	0.04	-0.00003158
318.52	0.04	0.00001665
318.56	0.04	-0.00000069
318.60	0.04	0.00000028
318.64	0.04	-0.00000765
318.68	0.04	-0.00001083
318.72	0.04	0.00001498
318.76	0.04	-0.00000859
318.80	0.04	0.00000511
318.84	0.04	-0.00000890
318.88	0.04	-0.00000663
318.92	0.04	0.00000399
318.96	0.04	0.00000238
319.00	0.04	0.00000175
319.04	0.04	0.00001145
319.08	0.04	-0.00001424
319.12	0.04	-0.00002227
319.16	0.04	-0.00000675
319.20	0.04	-0.00000001
319.24	0.04	-0.00002707
319.28	0.04	0.00000026
319.32	0.04	-0.00000426
319.36	0.04	-0.00000184
319.40	0.04	-0.00000264
319.44	0.04	0.00000283
319.48	0.04	-0.00001069
319.52	0.04	-0.00000738
319.56	0.04	-0.00005312
319.60	0.04	-0.00001469
319.64	0.04	0.00000235
319.68	0.04	-0.00000917
319.72	0.04	-0.00000308
319.76	0.04	0.00001618
319.80	0.04	0.00001617
319.84	0.04	0.00001636
319.88	0.04	-0.00000130
319.92	0.04	0.00001912
319.96	0.04	-0.00002077
320.00	0.04	-0.00002868
320.04	0.04	-0.00000979
320.08	0.04	-0.00002274
320.12	0.04	0.00000942
320.16	0.04	-0.00001864
320.20	0.04	0.00003983
320.24	0.04	-0.00005085
320.28	0.04	0.00014976
320.32	0.04	-0.00005426
320.36	0.04	0.00001925
320.40	0.04	-0.00002944
320.44	0.04	0.00007406
320.48	0.04	-0.00009013
320.52	0.04	0.00005916
320.56	0.04	0.00001523
320.60	0.04	0.00008562
320.64	0.04	0.00001664
320.68	0.04	0.00007513
320.72	0.04	0.00001938
320.76	0.04	0.00006954
320.80	0.04	0.00003718
320.84	0.04	0.00007758
320.88	0.04	0.00005925
320.92	0.04	0.00012686
320.96	0.04	0.00000192
321.00	0.04	0.00011374
321.04	0.04	0.00000427
321.08	0.04	0.00013922
321.12	0.04	0.00010412
321.16	0.04	0.00014532
321.20	0.04	0.00002393
321.24	0.04	0.00012329
321.28	0.04	0.00002680
321.32	0.04	-0.00000969
321.36	0.04	0.00004875
321.40	0.04	0.00008491
321.44	0.04	0.00016197
321.48	0.04	0.00009523
321.52	0.04	0.00016705
321.56	0.04	0.00013103
321.60	0.04	0.00011888
321.64	0.04	-0.00002490
321.68	0.04	0.00009076
321.72	0.04	0.00000373
321.76	0.04	0.00008458
321.80	0.04	0.00010436
321.84	0.04	0.00011011
321.88	0.04	0.00016972
321.92	0.04	0.00016224
321.96	0.04	0.00011192
322.00	0.04	0.00000767
322.04	0.04	-0.00014637
322.08	0.04	-0.00003261
322.12	0.04	-0.00010840
322.16	0.04	-0.00001133
322.20	0.04	0.00010673
322.24	0.04	0.00013359
322.28	0.04	-0.00001459
322.32	0.04	0.00007781
322.36	0.04	0.00006991
322.40	0.04	0.00007289
322.44	0.04	0.00002023
322.48	0.04	0.00009009
322.52	0.04	0.00006410
322.56	0.04	0.00003400
322.60	0.04	0.00009993
322.64	0.04	0.00005856
322.68	0.04	0.00007520
322.72	0.04	0.00008263
322.76	0.04	0.00003660
322.80	0.04	-0.00000337
322.84	0.04	-0.00002028
322.88	0.04	-0.00001353
322.92	0.04	0.00002309
322.96	0.04	-0.00000426
323.00	0.04	-0.00003522
323.04	0.04	0.00002508
323.08	0.04	-0.00001283
323.12	0.04	0.00006763
323.16	0.04	-0.00000179
323.20	0.04	0.00005477
323.24	0.04	0.00001869
323.28	0.04	0.00005023
323.32	0.04	-0.00000372
323.36	0.04	0.00002142
323.40	0.04	0.00002699
323.44	0.04	0.00006923
323.48	0.04	0.00007712
323.52	0.04	0.00004785
323.56	0.04	0.00003065
323.60	0.04	0.00005966
323.64	0.04	0.00004117
323.68	0.04	0.00006552
323.72	0.04	0.00006013
323.76	0.04	0.00010832
323.80	0.04	0.00005674
323.84	0.04	0.00011859
323.88	0.04	0.00007687
323.92	0.04	0.00012174
323.96	0.04	0.00014393
324.00	0.04	0.00010918
324.04	0.04	0.00010972
324.08	0.04	0.00013964
324.12	0.04	0.00010312
324.16	0.04	0.00010294
324.20	0.04	0.00013954
324.24	0.04	0.00014753
324.28	0.04	0.00012535
324.32	0.04	0.00014755
324.36	0.04	0.00003789
324.40	0.04	0.00018269
324.44	0.04	0.00020687
324.48	0.04	0.00012751
324.52	0.04	0.00015164
324.56	0.04	0.00011571
324.60	0.04	0.00020811
324.64	0.04	0.00019671
324.68	0.04	0.00013470
324.72	0.04	0.00018553
324.76	0.04	0.00017344
324.80	0.04	0.00019952
324.84	0.04	0.00013949
324.88	0.04	0.00021128
324.92	0.04	0.00001418
324.96	0.04	0.00004611
325.00	0.04	0.00011244
325.04	0.04	0.00006175
325.08	0.04	0.00007621
325.12	0.04	-0.00002157
325.16	0.04	0.00008895
325.20	0.04	0.00024513
325.24	0.04	0.00014215
325.28	0.04	0.00009399
325.32	0.04	0.00015134
325.36	0.04	0.00012204
325.40	0.04	0.00013220
325.44	0.04	0.00000130
325.48	0.04	0.00012604
325.52	0.04	0.00021567
325.56	0.04	0.00002069
325.60	0.04	0.00007251
325.64	0.04	0.00012260
325.68	0.04	0.00020308
325.72	0.04	0.00015872
325.76	0.04	0.00021786
325.80	0.04	0.00005469
325.84	0.04	0.00002071
325.88	0.04	0.00016075
325.92	0.04	0.00015844
325.96	0.04	0.00010014
326.00	0.04	0.00002282
326.04	0.04	0.00002602
326.08	0.04	0.00008136
326.12	0.04	0.00011610
326.16	0.04	0.00006221
326.20	0.04	0.00011973
326.24	0.04	0.00022628
326.28	0.04	0.00021425
326.32	0.04	0.00020541
326.36	0.04	0.00020944
326.40	0.04	0.00021899
326.44	0.04	0.00004612
326.48	0.04	0.00005886
326.52	0.04	0.00004135
326.56	0.04	0.00010428
326.60	0.04	0.00014134
326.64	0.04	0.00010497
326.68	0.04	0.00016695
326.72	0.04	0.00019696
326.76	0.04	0.00003720
326.80	0.04	0.00006444
326.84	0.04	0.00013517
326.88	0.04	0.00017752
326.92	0.04	0.00023393
326.96	0.04	0.00027427
327.00	0.04	0.00019291
327.04	0.04	0.00023412
327.08	0.04	0.00022288
327.12	0.04	0.00022480
327.16	0.04	0.00024561
327.20	0.04	-0.00012651
327.24	0.04	0.00013204
327.28	0.04	0.00009879
327.32	0.04	0.00002439
327.36	0.04	0.00008138
327.40	0.04	0.00013995
327.44	0.04	0.00008245
327.48	0.04	0.00021247
327.52	0.04	0.00019843
327.56	0.04	0.00024032
327.60	0.04	0.00020487
327.64	0.04	0.00023311
327.68	0.04	0.00027377
327.72	0.04	0.00031790
327.76	0.04	0.00031311
327.80	0.04	0.00029585
327.84	0.04	0.00032038
327.88	0.04	0.00023743
327.92	0.04	0.00031908
327.96	0.04	0.00026101
328.00	0.04	0.00031327
328.04	0.04	0.00028346
328.08	0.04	0.00023111
328.12	0.04	0.00026058
328.16	0.04	0.00009854
328.20	0.04	-0.00006318
328.24	0.04	0.00014875
328.28	0.04	0.00032341
328.32	0.04	0.00023052
328.36	0.04	0.00028261
328.40	0.04	0.00039881
328.44	0.04	0.00032905
328.48	0.04	0.00029508
328.52	0.04	0.00035269
328.56	0.04	0.00029042
328.60	0.04	0.00005664
328.64	0.04	0.00007116
328.68	0.04	0.00030047
328.72	0.04	0.00027719
328.76	0.04	0.00032830
328.80	0.04	0.00031927
328.84	0.04	0.00043127
328.88	0.04	0.00025580
328.92	0.04	0.00015373
328.96	0.04	0.00005800
329.00	0.04	0.00028581
329.04	0.04	0.00012657
329.08	0.04	0.00027500
329.12	0.04	0.00022122
329.16	0.04	0.00032109
329.20	0.04	0.00038961
329.24	0.04	0.00032522
329.28	0.04	0.00045119
329.32	0.04	0.00044340
329.36	0.04	0.00041112
329.40	0.04	0.00036071
329.44	0.04	0.00016270
329.48	0.04	0.00029144
329.52	0.04	0.00033044
329.56	0.04	0.00036518
329.60	0.04	0.00034105
329.64	0.04	0.00046505
329.68	0.04	0.00029819
329.72	0.04	0.00045518
329.76	0.04	0.00047582
329.80	0.04	0.00014018
329.84	0.04	0.00040284
329.88	0.04	0.00025966
329.92	0.04	0.00031566
329.96	0.04	0.00010596
330.00	0.04	0.00023488
330.04	0.04	0.00029407
330.08	0.04	0.00041463
330.12	0.04	0.00049815
330.16	0.04	0.00050968
330.20	0.04	0.00043000
330.24	0.04	0.00031490
330.28	0.04	0.00041420
330.32	0.04	0.00037573
330.36	0.04	0.00051336
330.40	0.04	0.00047241
330.44	0.04	0.00038494
330.48	0.04	0.00036761
330.52	0.04	0.00033773
330.56	0.04	0.00041684
330.60	0.04	0.00020242
330.64	0.04	0.00039043
330.68	0.04	0.00038598
330.72	0.04	0.00028469
330.76	0.04	0.00029958
330.80	0.04	0.00043006
330.84	0.04	0.00040522
330.88	0.04	0.00036936
330.92	0.04	0.00021619
330.96	0.04	0.00022555
331.00	0.04	0.00024382
331.04	0.04	0.00012331
331.08	0.04	0.00019812
331.12	0.04	0.00029398
331.16	0.04	0.00042835
331.20	0.04	0.00036536
331.24	0.04	0.00044810
331.28	0.04	0.00026176
331.32	0.04	0.00048112
331.36	0.04	0.00030042
331.40	0.04	0.00031377
331.44	0.04	0.00042393
331.48	0.04	0.00031514
331.52	0.04	0.00041388
331.56	0.04	0.00011308
331.60	0.04	0.00025647
331.64	0.04	0.00002872
331.68	0.04	0.00046518
331.72	0.04	0.00038769
331.76	0.04	0.00040302
331.80	0.04	0.00046630
331.84	0.04	0.00037505
331.88	0.04	0.00047931
331.92	0.04	0.00047450
331.96	0.04	0.00047315
332.00	0.04	0.00033769
332.04	0.04	0.00011742
332.08	0.04	0.00030162
332.12	0.04	0.00043402
332.16	0.04	0.00046711
332.20	0.04	0.00052890
332.24	0.04	0.00027558
332.28	0.04	0.00038728
332.32	0.04	0.00036002
332.36	0.04	0.00030069
332.40	0.04	0.00034511
332.44	0.04	0.00036962
332.48	0.04	0.00042605
332.52	0.04	0.00044890
332.56	0.04	0.00037630
332.60	0.04	0.00025728
332.64	0.04	0.00037800
332.68	0.04	0.00043197
332.72	0.04	0.00046690
332.76	0.04	0.00051347
332.80	0.04	0.00036021
332.84	0.04	0.00043523
332.88	0.04	0.00044759
332.92	0.04	0.00044204
332.96	0.04	0.00030927
333.00	0.04	0.00037377
333.04	0.04	0.00048298
333.08	0.04	0.00034203
333.12	0.04	0.00039842
333.16	0.04	0.00029178
333.20	0.04	0.00018118
333.24	0.04	0.00028674
333.28	0.04	0.00052097
333.32	0.04	0.00037992
333.36	0.04	0.00042246
333.40	0.04	0.00047743
333.44	0.04	0.00043722
333.48	0.04	0.00048180
333.52	0.04	0.00043559
333.56	0.04	0.00045037
333.60	0.04	0.00041977
333.64	0.04	0.00040851
333.68	0.04	0.00057913
333.72	0.04	0.00048173
333.76	0.04	0.00036002
333.80	0.04	0.00040417
333.84	0.04	0.00031355
333.88	0.04	0.00037453
333.92	0.04	0.00030567
333.96	0.04	0.00040708
334.00	0.04	0.00038590
334.04	0.04	0.00044280
334.08	0.04	0.00037779
334.12	0.04	0.00043332
334.16	0.04	0.00043648
334.20	0.04	0.00043142
334.24	0.04	0.00037407
334.28	0.04	0.00034923
334.32	0.04	0.00037241
334.36	0.04	0.00044111
334.40	0.04	0.00044206
334.44	0.04	0.00024385
334.48	0.04	0.00044271
334.52	0.04	0.00041699
334.56	0.04	0.00040712
334.60	0.04	0.00046166
334.64	0.04	0.00037607
334.68	0.04	0.00039351
334.72	0.04	0.00036777
334.76	0.04	0.00042199
334.80	0.04	0.00037138
334.84	0.04	0.00042158
334.88	0.04	0.00045668
334.92	0.04	0.00043260
334.96	0.04	0.00046040
335.00	0.04	0.00035207
335.04	0.04	0.00037746
335.08	0.04	0.00042640
335.12	0.04	0.00037982
335.16	0.04	0.00040630
335.20	0.04	0.00040330
335.24	0.04	0.00037143
335.28	0.04	0.00040837
335.32	0.04	0.00043424
335.36	0.04	0.00042367
335.40	0.04	0.00039921
335.44	0.04	0.00041476
335.48	0.04	0.00038863
335.52	0.04	0.00042780
335.56	0.04	0.00037130
335.60	0.04	0.00034598
335.64	0.04	0.00037340
335.68	0.04	0.00039859
335.72	0.04	0.00035225
335.76	0.04	0.00035358
335.80	0.04	0.00037513
335.84	0.04	0.00048863
335.88	0.04	0.00039115
335.92	0.04	0.00039077
335.96	0.04	0.00041397
336.00	0.04	0.00035925
336.04	0.04	0.00039155
336.08	0.04	0.00034394
336.12	0.04	0.00042534
336.16	0.04	0.00039990
336.20	0.04	0.00036530
336.24	0.04	0.00041422
336.28	0.04	0.00036422
336.32	0.04	0.00030480
336.36	0.04	0.00046898
336.40	0.04	0.00044198
336.44	0.04	0.00038768
336.48	0.04	0.00040008
336.52	0.04	0.00045119
336.56	0.04	0.00037526
336.60	0.04	0.00036470
336.64	0.04	0.00042273
336.68	0.04	0.00044823
336.72	0.04	0.00035995
336.76	0.04	0.00048554
336.80	0.04	0.00040007
336.84	0.04	0.00040001
336.88	0.04	0.00044979
336.92	0.04	0.00043475
336.96	0.04	0.00044603
337.00	0.04	0.00040440
337.04	0.04	0.00036568
337.08	0.04	-0.00001930
337.12	0.04	0.00019833
337.16	0.04	0.00035852
337.20	0.04	0.00031548
337.24	0.04	0.00022831
337.28	0.04	0.00044257
337.32	0.04	0.00016280
337.36	0.04	0.00043216
337.40	0.04	0.00046421
337.44	0.04	0.00037882
337.48	0.04	0.00043308
337.52	0.04	0.00022767
337.56	0.04	0.00032386
337.60	0.04	0.00007704
337.64	0.04	0.00018395
337.68	0.04	0.00042649
337.72	0.04	0.00040514
337.76	0.04	0.00003076
337.80	0.04	0.00008782
337.84	0.04	-0.00006213
337.88	0.04	0.00003007
337.92	0.04	0.00015093
337.96	0.04	0.00026409
338.00	0.04	0.00044193
338.04	0.04	0.00051704
338.08	0.04	0.00049072
338.12	0.04	0.00008573
338.16	0.04	0.00024238
338.20	0.04	0.00029796
338.24	0.04	0.00024605
338.28	0.04	0.00029549
338.32	0.04	0.00011939
338.36	0.04	0.00017121
338.40	0.04	0.00031800
338.44	0.04	0.00019051
338.48	0.04	0.00030791
338.52	0.04	0.00031613
338.56	0.04	0.00051075
338.60	0.04	0.00059296
338.64	0.04	0.00062700
338.68	0.04	0.00051834
338.72	0.04	0.00004675
338.76	0.04	0.00003119
338.80	0.04	0.00006319
338.84	0.04	0.00020441
338.88	0.04	0.00042697
338.92	0.04	0.00028047
338.96	0.04	0.00049534
339.00	0.04	0.00040075
339.04	0.04	0.00058454
339.08	0.04	0.00037522
339.12	0.04	0.00050493
339.16	0.04	0.00082853
339.20	0.04	0.00069771
339.24	0.04	0.00069585
339.28	0.04	0.00071317
339.32	0.04	0.00084880
339.36	0.04	0.00067781
339.40	0.04	0.00044103
339.44	0.04	0.00052661
339.48	0.04	0.00072778
339.52	0.04	0.00085576
339.56	0.04	0.00148600
339.60	0.04	0.00153777
339.64	0.04	0.00079183
339.68	0.04	0.00072469
339.72	0.04	0.00062120
339.76	0.04	0.00038085
339.80	0.04	0.00082320
339.84	0.04	0.00064896
339.88	0.04	0.00059677
339.92	0.04	0.00051580
339.96	0.04	0.00064519
340.00	0.04	0.00057555
340.04	0.04	0.00066107
340.08	0.04	-0.00005241
340.12	0.04	-0.00000800
340.16	0.04	0.00010646
340.20	0.04	-0.00003283
340.24	0.04	0.00008338
340.28	0.04	0.00032103
340.32	0.04	0.00020617
340.36	0.04	0.00016837
340.40	0.04	0.00000060
340.44	0.04	0.00008253
340.48	0.04	0.00007164
340.52	0.04	-0.00009248
340.56	0.04	-0.00001275
340.60	0.04	0.00012342
340.64	0.04	0.00009397
340.68	0.04	0.00017129
340.72	0.04	0.00016588
340.76	0.04	0.00003540
340.80	0.04	0.00015699
340.84	0.04	-0.00008746
340.88	0.04	0.00010981
340.92	0.04	0.00017771
340.96	0.04	0.00010452
341.00	0.04	0.00007066
341.04	0.04	0.00004422
341.08	0.04	-0.00005414
341.12	0.04	0.00020869
341.16	0.04	-0.00015425
341.20	0.04	0.00003316
341.24	0.04	-0.00005943
341.28	0.04	-0.00003034
341.32	0.04	0.00015687
341.36	0.04	0.00004250
341.40	0.04	0.00016321
341.44	0.04	0.00056856
341.48	0.04	0.00042362
341.52	0.04	0.00037229
341.56	0.04	0.00047640
341.60	0.04	0.00071616
341.64	0.04	0.00072061
341.68	0.04	0.00064681
341.72	0.04	0.00073893
341.76	0.04	0.00066501
341.80	0.04	0.00071512
341.84	0.04	0.00065492
341.88	0.04	0.00071112
341.92	0.04	0.00068143
341.96	0.04	0.00060712
342.00	0.04	0.00059904
342.04	0.04	0.00056320
342.08	0.04	0.00054480
342.12	0.04	0.00066097
342.16	0.04	0.00059337
342.20	0.04	0.00063203
342.24	0.04	0.00037511
342.28	0.04	0.00061060
342.32	0.04	0.00070059
342.36	0.04	0.00068968
342.40	0.04	0.00056112
342.44	0.04	0.00059829
342.48	0.04	0.00063504
342.52	0.04	0.00157039
342.56	0.04	0.00041099
342.60	0.04	0.00031823
342.64	0.04	0.00005885
342.68	0.04	0.00007363
342.72	0.04	0.00009001
342.76	0.04	0.00009625
342.80	0.04	0.00000369
342.84	0.04	0.00003145
342.88	0.04	-0.00005463
342.92	0.04	0.00014147
342.96	0.04	0.00007864
343.00	0.04	0.00009284
343.04	0.04	-0.00002961
343.08	0.04	0.00002716
343.12	0.04	0.00009072
343.16	0.04	0.00000625
343.20	0.04	-0.00003078
343.24	0.04	0.00006220
343.28	0.04	-0.00000360
343.32	0.04	0.00007194
343.36	0.04	-0.00002084
343.40	0.04	0.00005624
343.44	0.04	0.00011749
343.48	0.04	0.00002862
343.52	0.04	0.00005781
343.56	0.04	0.00007030
343.60	0.04	0.00020185
343.64	0.04	0.00025350
343.68	0.04	0.00040574
343.72	0.04	0.00037131
343.76	0.04	0.00043127
343.80	0.04	0.00037443
343.84	0.04	0.00045606
343.88	0.04	0.00038656
343.92	0.04	0.00030432
343.96	0.04	0.00036627
344.00	0.04	0.00045719
344.04	0.04	0.00036864
344.08	0.04	0.00031893
344.12	0.04	0.00041111
344.16	0.04	0.00026899
344.20	0.04	0.00021897
344.24	0.04	0.00032275
344.28	0.04	0.00027672
344.32	0.04	0.00019734
344.36	0.04	0.00036142
344.40	0.04	0.00002544
344.44	0.04	0.00007811
344.48	0.04	-0.00010225
344.52	0.04	0.00013977
344.56	0.04	0.00024581
344.60	0.04	0.00013477
344.64	0.04	0.00012340
344.68	0.04	0.00000171
344.72	0.04	-0.00040442
344.76	0.04	-0.00028879
344.80	0.04	0.00018848
344.84	0.04	0.00021457
344.88	0.04	-0.00008568
344.92	0.04	0.00038141
344.96	0.04	0.00023872
345.00	0.04	0.00021472
345.04	0.04	0.00029198
345.08	0.04	0.00023452
345.12	0.04	0.00033509
345.16	0.04	0.00012953
345.20	0.04	0.00026811
345.24	0.04	0.00027783
345.28	0.04	0.00001266
345.32	0.04	-0.00024885
345.36	0.04	0.00003972
345.40	0.04	0.00017463
345.44	0.04	-0.00002535
345.48	0.04	-0.00000860
345.52	0.04	-0.00002652
345.56	0.04	-0.00019876
345.60	0.04	-0.00003704
345.64	0.04	0.00006343
345.68	0.04	0.00025949
345.72	0.04	0.00019543
345.76	0.04	-0.00002551
345.80	0.04	-0.00024943
345.84	0.04	-0.00015513
345.88	0.04	0.00015621
345.92	0.04	0.00004249
345.96	0.04	0.00014899
346.00	0.04	0.00048703
346.04	0.04	0.00031088
346.08	0.04	0.00004145
346.12	0.04	-0.00003831
346.16	0.04	-0.00007317
346.20	0.04	-0.00003255
346.24	0.04	-0.00004519
346.28	0.04	0.00035294
346.32	0.04	0.00042991
346.36	0.04	0.00063274
346.40	0.04	0.00013117
346.44	0.04	0.00034828
346.48	0.04	0.00035469
346.52	0.04	0.00029886
346.56	0.04	0.00044224
346.60	0.04	0.00044756
346.64	0.04	0.00045138
346.68	0.04	0.00018401
346.72	0.04	0.00032200
346.76	0.04	0.00025507
346.80	0.04	0.00037812
346.84	0.04	0.00043729
346.88	0.04	0.00044942
346.92	0.04	0.00054148
346.96	0.04	0.00032466
347.00	0.04	0.00046386
347.04	0.04	0.00043106
347.08	0.04	0.00018974
347.12	0.04	0.00002024
347.16	0.04	0.00002788
347.20	0.04	0.00004956
347.24	0.04	0.00005837
347.28	0.04	0.00010110
347.32	0.04	0.00008844
347.36	0.04	0.00007995
347.40	0.04	0.00009198
347.44	0.04	0.00006897
347.48	0.04	0.00011235
347.52	0.04	0.00007219
347.56	0.04	0.00011094
347.60	0.04	0.00010924
347.64	0.04	0.00012163
347.68	0.04	0.00017594
347.72	0.04	0.00020546
347.76	0.04	0.00016155
347.80	0.04	0.00025420
347.84	0.04	0.00026397
347.88	0.04	0.00030264
347.92	0.04	0.00027499
347.96	0.04	0.00032213
348.00	0.04	0.00033265
348.04	0.04	0.00027336
348.08	0.04	0.00029848
348.12	0.04	0.00033483
348.16	0.04	0.00034393
348.20	0.04	0.00039457
348.24	0.04	0.00038235
348.28	0.04	0.00038312
348.32	0.04	0.00039908
348.36	0.04	0.00039174
348.40	0.04	0.00040726
348.44	0.04	0.00032218
348.48	0.04	0.00043023
348.52	0.04	0.00042168
348.56	0.04	0.00041426
348.60	0.04	0.00036948
348.64	0.04	0.00039420
348.68	0.04	0.00032561
348.72	0.04	0.00033384
348.76	0.04	0.00037460
348.80	0.04	0.00037443
348.84	0.04	0.00032651
348.88	0.04	0.00029130
348.92	0.04	0.00038809
348.96	0.04	0.00036301
349.00	0.04	0.00033279
349.04	0.04	0.00040237
349.08	0.04	0.00031951
349.12	0.04	0.00039599
349.16	0.04	0.00024062
349.20	0.04	0.00037653
349.24	0.04	0.00028456
349.28	0.04	0.00026088
349.32	0.04	0.00029318
349.36	0.04	0.00030401
349.40	0.04	0.00021216
349.44	0.04	0.00029434
349.48	0.04	0.00032379
349.52	0.04	0.00035331
349.56	0.04	0.00035006
349.60	0.04	0.00032736
349.64	0.04	0.00029600
349.68	0.04	0.00022903
349.72	0.04	0.00031064
349.76	0.04	0.00029804
349.80	0.04	0.00028566
349.84	0.04	0.00028768
349.88	0.04	0.00026874
349.92	0.04	0.00021267
349.96	0.04	0.00026860
350.00	0.04	0.00022067
350.04	0.04	0.00023774
350.08	0.04	0.00023265
350.12	0.04	0.00015732
350.16	0.04	0.00012177
350.20	0.04	0.00009937
350.24	0.04	0.00012140
350.28	0.04	0.00009061
350.32	0.04	0.00010626
350.36	0.04	0.00005891
350.40	0.04	0.00010809
350.44	0.04	0.00006360
350.48	0.04	0.00007275
350.52	0.04	0.00005545
350.56	0.04	0.00003183
350.60	0.04	0.00004227
350.64	0.04	0.00000394
350.68	0.04	0.00003195
350.72	0.04	0.00006539
350.76	0.04	0.00005071
350.80	0.04	0.00003406
350.84	0.04	0.00003766
350.88	0.04	0.00004330
350.92	0.04	0.00005006
350.96	0.04	0.00006684
351.00	0.04	0.00003895
351.04	0.04	0.00003525
351.08	0.04	0.00004567
351.12	0.04	0.00003195
351.16	0.04	0.00001836
351.20	0.04	0.00003714
351.24	0.04	0.00007521
351.28	0.04	0.00002869
351.32	0.04	0.00004590
351.36	0.04	0.00007758
351.40	0.04	0.00002560
351.44	0.04	0.00006615
351.48	0.04	0.00007688
351.52	0.04	0.00004568
351.56	0.04	0.00003440
351.60	0.04	0.00005426
351.64	0.04	0.00006080
351.68	0.04	0.00004111
351.72	0.04	0.00005791
351.76	0.04	0.00007006
351.80	0.04	0.00006454
351.84	0.04	0.00005233
351.88	0.04	0.00003362
351.92	0.04	0.00005800
351.96	0.04	0.00008086
352.00	0.04	0.00003596
352.04	0.04	0.00004822
352.08	0.04	0.00004354
352.12	0.04	0.00004859
352.16	0.04	0.00010054
352.20	0.04	0.00009401
352.24	0.04	0.00010228
352.28	0.04	0.00009473
352.32	0.04	0.00007914
352.36	0.04	0.00007765
352.40	0.04	0.00012364
352.44	0.04	0.00011898
352.48	0.04	0.00014106
352.52	0.04	0.00012692
352.56	0.04	0.00015229
352.60	0.04	0.00014719
352.64	0.04	0.00015460
352.68	0.04	0.00018331
352.72	0.04	0.00018391
352.76	0.04	0.00017381
352.80	0.04	0.00016924
352.84	0.04	0.00020833
352.88	0.04	0.00018163
352.92	0.04	0.00026099
352.96	0.04	0.00029349
353.00	0.04	0.00027696
353.04	0.04	0.00027029
353.08	0.04	0.00032745
353.12	0.04	0.00031502
353.16	0.04	0.00034969
353.20	0.04	0.00045712
353.24	0.04	0.00030729
353.28	0.04	0.00026734
353.32	0.04	0.00036045
353.36	0.04	0.00032746
353.40	0.04	0.00029666
353.44	0.04	0.00031294
353.48	0.04	0.00023606
353.52	0.04	0.00027427
353.56	0.04	0.00027766
353.60	0.04	0.00024381
353.64	0.04	0.00021290
353.68	0.04	0.00014974
353.72	0.04	0.00021079
353.76	0.04	0.00017968
353.80	0.04	0.00019965
353.84	0.04	0.00014378
353.88	0.04	0.00011125
353.92	0.04	0.00009471
353.96	0.04	0.00011428
354.00	0.04	0.00009712
354.04	0.04	0.00010769
354.08	0.04	0.00011304
354.12	0.04	0.00013983
354.16	0.04	0.00012945
354.20	0.04	0.00009934
354.24	0.04	0.00012416
354.28	0.04	0.00012102
354.32	0.04	0.00010641
354.36	0.04	0.00015992
354.40	0.04	0.00011497
354.44	0.04	0.00016700
354.48	0.04	0.00016868
354.52	0.04	0.00012355
354.56	0.04	0.00013908
354.60	0.04	0.00015575
354.64	0.04	0.00015830
354.68	0.04	0.00011424
354.72	0.04	0.00015601
354.76	0.04	0.00011622
354.80	0.04	0.00012205
354.84	0.04	0.00017415
354.88	0.04	0.00010224
354.92	0.04	0.00013257
354.96	0.04	0.00015647
355.00	0.04	0.00007877
355.04	0.04	0.00012574
355.08	0.04	0.00012083
355.12	0.04	0.00020559
355.16	0.04	0.00009998
355.20	0.04	0.00014121
355.24	0.04	0.00011967
355.28	0.04	0.00017313
355.32	0.04	0.00017368
355.36	0.04	0.00015344
355.40	0.04	0.00020719
355.44	0.04	0.00012598
355.48	0.04	0.00010897
355.52	0.04	0.00008733
355.56	0.04	0.00013636
355.60	0.04	0.00008548
355.64	0.04	0.00009809
355.68	0.04	0.00013228
355.72	0.04	0.00010812
355.76	0.04	0.00011039
355.80	0.04	0.00014175
355.84	0.04	0.00012587
355.88	0.04	0.00009613
355.92	0.04	0.00009619
355.96	0.04	0.00010607
356.00	0.04	0.00016439
356.04	0.04	0.00016511
356.08	0.04	0.00011141
356.12	0.04	0.00010203
356.16	0.04	0.00010088
356.20	0.04	0.00004824
356.24	0.04	0.00006988
356.28	0.04	0.00005762
356.32	0.04	0.00010336
356.36	0.04	0.00006292
356.40	0.04	0.00013535
356.44	0.04	0.00008767
356.48	0.04	0.00012562
356.52	0.04	0.00008144
356.56	0.04	0.00010878
356.60	0.04	0.00011372
356.64	0.04	0.00014083
356.68	0.04	0.00010774
356.72	0.04	0.00013857
356.76	0.04	0.00008277
356.80	0.04	0.00016460
356.84	0.04	0.00008888
356.88	0.04	0.00010742
356.92	0.04	0.00012450
356.96	0.04	0.00014874
357.00	0.04	0.00009142
357.04	0.04	0.00005688
357.08	0.04	0.00008095
357.12	0.04	0.00008401
357.16	0.04	0.00005669
357.20	0.04	0.00007196
357.24	0.04	0.00007317
357.28	0.04	0.00008567
357.32	0.04	0.00009159
357.36	0.04	0.00008073
357.40	0.04	0.00004962
357.44	0.04	0.00006933
357.48	0.04	0.00006409
357.52	0.04	0.00002142
357.56	0.04	0.00009170
357.60	0.04	0.00005732
357.64	0.04	0.00004393
357.68	0.04	0.00004046
357.72	0.04	0.00004453
357.76	0.04	0.00003835
357.80	0.04	0.00004314
357.84	0.04	0.00004465
357.88	0.04	0.00005554
357.92	0.04	0.00005709
357.96	0.04	0.00004652
358.00	0.04	0.00007286
358.04	0.04	0.00003681
358.08	0.04	0.00005106
358.12	0.04	0.00007118
358.16	0.04	0.00004467
358.20	0.04	0.00002941
358.24	0.04	0.00006371
358.28	0.04	0.00007227
358.32	0.04	0.00005262
358.36	0.04	0.00005399
358.40	0.04	0.00005266
358.44	0.04	0.00005673
358.48	0.04	0.00006728
358.52	0.04	0.00002293
358.56	0.04	0.00005408
358.60	0.04	0.00006132
358.64	0.04	0.00005676
358.68	0.04	0.00006011
358.72	0.04	0.00004820
358.76	0.04	0.00005388
358.80	0.04	0.00005055
358.84	0.04	0.00005882
358.88	0.04	0.00003952
358.92	0.04	0.00003518
358.96	0.04	0.00004713
359.00	0.04	0.00004645
359.04	0.04	0.00003673
359.08	0.04	0.00004779
359.12	0.04	0.00004754
359.16	0.04	0.00003028
359.20	0.04	0.00005377
359.24	0.04	0.00003734
359.28	0.04	0.00003180
359.32	0.04	0.00005565
359.36	0.04	0.00006226
359.40	0.04	0.00004620
359.44	0.04	0.00006754
359.48	0.04	0.00004143
359.52	0.04	0.00003957
359.56	0.04	0.00003343
359.60	0.04	0.00005352
359.64	0.04	0.00005105
359.68	0.04	0.00003578
359.72	0.04	0.00004919
359.76	0.04	0.00002314
359.80	0.04	0.00004518
359.84	0.04	0.00002803
359.88	0.04	0.00001666
359.92	0.04	0.00004707
359.96	0.04	0.00005209
360.00	0.04	0.00005716
360.04	0.04	0.00003736
360.08	0.04	0.00006849
360.12	0.04	0.00005289
360.16	0.04	0.00005673
360.20	0.04	0.00004727
360.24	0.04	0.00006920
360.28	0.04	0.00003778
360.32	0.04	0.00005216
360.36	0.04	0.00004641
360.40	0.04	0.00004133
360.44	0.04	0.00004698
360.48	0.04	0.00005631
360.52	0.04	0.00004376
360.56	0.04	0.00005491
360.60	0.04	0.00005785
360.64	0.04	0.00006903
360.68	0.04	0.00005180
360.72	0.04	0.00003621
360.76	0.04	0.00004937
360.80	0.04	0.00003775
360.84	0.04	0.00003654
360.88	0.04	0.00002184
360.92	0.04	0.00006856
360.96	0.04	0.00004616
361.00	0.04	0.00004939
361.04	0.04	0.00004812
361.08	0.04	0.00004216
361.12	0.04	0.00003206
361.16	0.04	0.00005247
361.20	0.04	0.00003811
361.24	0.04	0.00002772
361.28	0.04	0.00005147
361.32	0.04	0.00005978
361.36	0.04	0.00005741
361.40	0.04	0.00002790
361.44	0.04	0.00003382
361.48	0.04	0.00004953
361.52	0.04	0.00006762
361.56	0.04	0.00005745
361.60	0.04	0.00004829
361.64	0.04	0.00001587
361.68	0.04	0.00004400
361.72	0.04	0.00003834
361.76	0.04	0.00003385
361.80	0.04	0.00002980
361.84	0.04	0.00004143
361.88	0.04	0.00004287
361.92	0.04	0.00005196
361.96	0.04	0.00006783
362.00	0.04	0.00005944
362.04	0.04	0.00002930
362.08	0.04	0.00005573
362.12	0.04	0.00003656
362.16	0.04	0.00005623
362.20	0.04	0.00005462
362.24	0.04	0.00004381
362.28	0.04	0.00003397
362.32	0.04	0.00003451
362.36	0.04	0.00004698
362.40	0.04	0.00004002
362.44	0.04	0.00003134
362.48	0.04	0.00002376
362.52	0.04	0.00002008
362.56	0.04	0.00002931
362.60	0.04	0.00003424
362.64	0.04	0.00003476
362.68	0.04	0.00002743
362.72	0.04	0.00004700
362.76	0.04	0.00001830
362.80	0.04	0.00003541
362.84	0.04	0.00003558
362.88	0.04	0.00003463
362.92	0.04	0.00003013
362.96	0.04	0.00005560
363.00	0.04	0.00005581
363.04	0.04	0.00004922
363.08	0.04	0.00003460
363.12	0.04	0.00001472
363.16	0.04	0.00003914
363.20	0.04	0.00003475
363.24	0.04	0.00004201
363.28	0.04	0.00004607
363.32	0.04	0.00004575
363.36	0.04	0.00004434
363.40	0.04	0.00006184
363.44	0.04	0.00003320
363.48	0.04	0.00004275
363.52	0.04	0.00004973
363.56	0.04	0.00002694
363.60	0.04	0.00004500
363.64	0.04	0.00003656
363.68	0.04	0.00002286
363.72	0.04	0.00006110
363.76	0.04	0.00003051
363.80	0.04	0.00001931
363.84	0.04	0.00002886
363.88	0.04	0.00003019
363.92	0.04	0.00000822
363.96	0.04	-0.00000577
364.00	0.04	0.00006150
364.04	0.04	0.00004499
364.08	0.04	0.00002118
364.12	0.04	0.00002455
364.16	0.04	0.00003407
364.20	0.04	0.00003379
364.24	0.04	0.00003875
364.28	0.04	-0.00002493
364.32	0.04	0.00006624
364.36	0.04	0.00003123
364.40	0.04	0.00004701
364.44	0.04	0.00003813
364.48	0.04	0.00002787
364.52	0.04	0.00003292
364.56	0.04	0.00004305
364.60	0.04	0.00004479
364.64	0.04	0.00003455
364.68	0.04	0.00003563
364.72	0.04	0.00003188
364.76	0.04	0.00003838
364.80	0.04	0.00005358
364.84	0.04	0.00003413
364.88	0.04	0.00005251
364.92	0.04	0.00004132
364.96	0.04	0.00003659
365.00	0.04	0.00005364
365.04	0.04	0.00003494
365.08	0.04	0.00004757
365.12	0.04	0.00004624
365.16	0.04	0.00003487
365.20	0.04	0.00003545
365.24	0.04	0.00003882
365.28	0.04	0.00004040
365.32	0.04	0.00004022
365.36	0.04	0.00003696
365.40	0.04	0.00004124
365.44	0.04	0.00004997
365.48	0.04	0.00003716
365.52	0.04	0.00003390
365.56	0.04	0.00003972
365.60	0.04	0.00005810
365.64	0.04	0.00003619
365.68	0.04	0.00003548
365.72	0.04	0.00003835
365.76	0.04	0.00004150
365.80	0.04	0.00003204
365.84	0.04	0.00004866
365.88	0.04	0.00003181
365.92	0.04	0.00003427
365.96	0.04	0.00004367
366.00	0.04	0.00003722
366.04	0.04	0.00003114
366.08	0.04	0.00002994
366.12	0.04	0.00002763
366.16	0.04	0.00005199
366.20	0.04	0.00005624
366.24	0.04	0.00003701
366.28	0.04	0.00004165
366.32	0.04	0.00005324
366.36	0.04	0.00005887
366.40	0.04	0.00004028
366.44	0.04	0.00003882
366.48	0.04	0.00004996
366.52	0.04	0.00004049
366.56	0.04	0.00003536
366.60	0.04	0.00003694
366.64	0.04	0.00004475
366.68	0.04	0.00005115
366.72	0.04	0.00005170
366.76	0.04	0.00003785
366.80	0.04	0.00004010
366.84	0.04	0.00004239
366.88	0.04	0.00005252
366.92	0.04	0.00003308
366.96	0.04	0.00004559
367.00	0.04	0.00005336
367.04	0.04	0.00005626
367.08	0.04	0.00004385
367.12	0.04	0.00004937
367.16	0.04	0.00004601
367.20	0.04	0.00004255
367.24	0.04	0.00004743
367.28	0.04	0.00004690
367.32	0.04	0.00003145
367.36	0.04	0.00003590
367.40	0.04	0.00004590
367.44	0.04	0.00004345
367.48	0.04	0.00001555
367.52	0.04	0.00005188
367.56	0.04	0.00004456
367.60	0.04	0.00005475
367.64	0.04	0.00004924
367.68	0.04	0.00004895
367.72	0.04	0.00004937
367.76	0.04	0.00004666
367.80	0.04	0.00003135
367.84	0.04	0.00002998
367.88	0.04	0.00004038
367.92	0.04	0.00004013
367.96	0.04	0.00004942
368.00	0.04	0.00005088
368.04	0.04	0.00004495
368.08	0.04	0.00005131
368.12	0.04	0.00004746
368.16	0.04	0.00005055
368.20	0.04	0.00005485
368.24	0.04	0.00007537
368.28	0.04	0.00004610
368.32	0.04	0.00004394
368.36	0.04	0.00006031
368.40	0.04	0.00005256
368.44	0.04	0.00007118
368.48	0.04	0.00004215
368.52	0.04	0.00005430
368.56	0.04	0.00003815
368.60	0.04	0.00003562
368.64	0.04	0.00005667
368.68	0.04	0.00004693
368.72	0.04	0.00005152
368.76	0.04	0.00004806
368.80	0.04	0.00004806
368.84	0.04	0.00005310
368.88	0.04	0.00004368
368.92	0.04	0.00004308
368.96	0.04	0.00004298
369.00	0.04	0.00005960
369.04	0.04	0.00005234
369.08	0.04	0.00006120
369.12	0.04	0.00004250
369.16	0.04	0.00005582
369.20	0.04	0.00005775
369.24	0.04	0.00005598
369.28	0.04	0.00004608
369.32	0.04	0.00003399
369.36	0.04	0.00004987
369.40	0.04	0.00006260
369.44	0.04	0.00003167
369.48	0.04	0.00003975
369.52	0.04	0.00004965
369.56	0.04	0.00005854
369.60	0.04	0.00004791
369.64	0.04	0.00006074
369.68	0.04	0.00005073
369.72	0.04	0.00003944
369.76	0.04	0.00004542
369.80	0.04	0.00004465
369.84	0.04	0.00005123
369.88	0.04	0.00005385
369.92	0.04	0.00005470
369.96	0.04	0.00004870
370.00	0.04	0.00006221
370.04	0.04	0.00004694
370.08	0.04	0.00004654
370.12	0.04	0.00005674
370.16	0.04	0.00006090
370.20	0.04	0.00004863
370.24	0.04	0.00004687
370.28	0.04	0.00005775
370.32	0.04	0.00005599
370.36	0.04	0.00004210
370.40	0.04	0.00004929
370.44	0.04	0.00004225
370.48	0.04	0.00005450
370.52	0.04	0.00005830
370.56	0.04	0.00004971
370.60	0.04	0.00004860
370.64	0.04	0.00003863
370.68	0.04	0.00005816
370.72	0.04	0.00004039
370.76	0.04	0.00004624
370.80	0.04	0.00005381
370.84	0.04	0.00005880
370.88	0.04	0.00006822
370.92	0.04	0.00006363
370.96	0.04	0.00006201
371.00	0.04	0.00004982
371.04	0.04	0.00004682
371.08	0.04	0.00005561
371.12	0.04	0.00005878
371.16	0.04	0.00005368
371.20	0.04	0.00005693
371.24	0.04	0.00004757
371.28	0.04	0.00004444
371.32	0.04	0.00004426
371.36	0.04	0.00006269
371.40	0.04	0.00005423
371.44	0.04	0.00004270
371.48	0.04	0.00005632
371.52	0.04	0.00006279
371.56	0.04	0.00005613
371.60	0.04	0.00005723
371.64	0.04	0.00004430
371.68	0.04	0.00006187
371.72	0.04	0.00006715
371.76	0.04	0.00005762
371.80	0.04	0.00005441
371.84	0.04	0.00004459
371.88	0.04	0.00005080
371.92	0.04	0.00004630
371.96	0.04	0.00004000
372.00	0.04	0.00004092
372.04	0.04	0.00004650
372.08	0.04	0.00004756
372.12	0.04	0.00007386
372.16	0.04	0.00004846
372.20	0.04	0.00003660
372.24	0.04	0.00005540
372.28	0.04	0.00004929
372.32	0.04	0.00004796
372.36	0.04	0.00004251
372.40	0.04	0.00004890
372.44	0.04	0.00005408
372.48	0.04	0.00005842
372.52	0.04	0.00004432
372.56	0.04	0.00003774
372.60	0.04	0.00005771
372.64	0.04	0.00006167
372.68	0.04	0.00005847
372.72	0.04	0.00005000
372.76	0.04	0.00005437
372.80	0.04	0.00007357
372.84	0.04	0.00005016
372.88	0.04	0.00003283
372.92	0.04	0.00003944
372.96	0.04	0.00006416
373.00	0.04	0.00004197
373.04	0.04	0.00005637
373.08	0.04	0.00005820
373.12	0.04	0.00005705
373.16	0.04	0.00004200
373.20	0.04	0.00005279
373.24	0.04	0.00005731
373.28	0.04	0.00005783
373.32	0.04	0.00005397
373.36	0.04	0.00005529
373.40	0.04	0.00004857
373.44	0.04	0.00004569
373.48	0.04	0.00003719
373.52	0.04	0.00003269
373.56	0.04	0.00005319
373.60	0.04	0.00003788
373.64	0.04	0.00003936
373.68	0.04	0.00004889
373.72	0.04	0.00005415
373.76	0.04	0.00004708
373.80	0.04	0.00004054
373.84	0.04	0.00004782
373.88	0.04	0.00004360
373.92	0.04	0.00003614
373.96	0.04	0.00004993
374.00	0.04	0.00004631
374.04	0.04	0.00004265
374.08	0.04	0.00005159
374.12	0.04	0.00004485
374.16	0.04	0.00004334
374.20	0.04	0.00004287
374.24	0.04	0.00003674
374.28	0.04	0.00004078
374.32	0.04	0.00003982
374.36	0.04	0.00004113
374.40	0.04	0.00004304
374.44	0.04	0.00005213
374.48	0.04	0.00005517
374.52	0.04	0.00003821
374.56	0.04	0.00003526
374.60	0.04	0.00004284
374.64	0.04	0.00007083
374.68	0.04	0.00006214
374.72	0.04	0.00003711
374.76	0.04	0.00003372
374.80	0.04	0.00004257
374.84	0.04	0.00003259
374.88	0.04	0.00004491
374.92	0.04	0.00004260
374.96	0.04	0.00002744
375.00	0.04	0.00006391
375.04	0.04	0.00005540
375.08	0.04	0.00003242
375.12	0.04	0.00004532
375.16	0.04	0.00004980
375.20	0.04	0.00006006
375.24	0.04	0.00004272
375.28	0.04	0.00002674
375.32	0.04	0.00002104
375.36	0.04	0.00003656
375.40	0.04	0.00004628
375.44	0.04	0.00004152
375.48	0.04	0.00005739
375.52	0.04	0.00004650
375.56	0.04	0.00005385
375.60	0.04	0.00005523
375.64	0.04	0.00005782
375.68	0.04	0.00004086
375.72	0.04	0.00004211
375.76	0.04	0.00004463
375.80	0.04	0.00003275
375.84	0.04	0.00003715
375.88	0.04	0.00003847
375.92	0.04	0.00003623
375.96	0.04	0.00004202
376.00	0.04	0.00003300
376.04	0.04	0.00003665
376.08	0.04	0.00003181
376.12	0.04	0.00004195
376.16	0.04	0.00004673
376.20	0.04	0.00004800
376.24	0.04	0.00004702
376.28	0.04	0.00006081
376.32	0.04	0.00004965
376.36	0.04	0.00004512
376.40	0.04	0.00003697
376.44	0.04	0.00003323
376.48	0.04	0.00003349
376.52	0.04	0.00003493
376.56	0.04	0.00004187
376.60	0.04	0.00002539
376.64	0.04	0.00003698
376.68	0.04	0.00004402
376.72	0.04	0.00003692
376.76	0.04	0.00004694
376.80	0.04	0.00005094
376.84	0.04	0.00003847
376.88	0.04	0.00003309
376.92	0.04	0.00004684
376.96	0.04	0.00004086
377.00	0.04	0.00004585
377.04	0.04	0.00004911
377.08	0.04	0.00004225
377.12	0.04	0.00003765
377.16	0.04	0.00003959
377.20	0.04	0.00003312
377.24	0.04	0.00004035
377.28	0.04	0.00002815
377.32	0.04	0.00003282
377.36	0.04	0.00003618
377.40	0.04	0.00003229
377.44	0.04	0.00003667
377.48	0.04	0.00004588
377.52	0.04	0.00003880
377.56	0.04	0.00004229
377.60	0.04	0.00004933
377.64	0.04	0.00004146
377.68	0.04	0.00006710
377.72	0.04	0.00008275
377.76	0.04	0.00002720
377.80	0.04	-0.00002175
377.84	0.04	0.00000790
377.88	0.04	-0.00000359
377.92	0.04	-0.00000015
377.96	0.04	0.00002062
378.00	0.04	0.00001974
378.04	0.04	0.00002333
378.08	0.04	0.00000298
378.12	0.04	0.00000353
378.16	0.04	0.00001530
378.20	0.04	0.00003588
378.24	0.04	0.00003993
378.28	0.04	0.00007883
378.32	0.04	0.00005083
378.36	0.04	0.00001943
378.40	0.04	0.00003233
378.44	0.04	0.00003574
378.48	0.04	0.00003587
378.52	0.04	0.00002436
378.56	0.04	0.00003483
378.60	0.04	0.00004194
378.64	0.04	0.00003616
378.68	0.04	0.00002015
378.72	0.04	0.00002667
378.76	0.04	0.00002110
378.80	0.04	0.00002831
378.84	0.04	0.00002428
378.88	0.04	0.00002914
378.92	0.04	0.00004475
378.96	0.04	0.00004148
379.00	0.04	0.00003060
379.04	0.04	0.00001549
379.08	0.04	0.00002673
379.12	0.04	0.00001169
379.16	0.04	0.00000622
379.20	0.04	0.00000380
379.24	0.04	0.00001041
379.28	0.04	0.00001742
379.32	0.04	0.00001298
379.36	0.04	0.00001727
379.40	0.04	0.00002979
379.44	0.04	0.00001470
379.48	0.04	0.00008677
379.52	0.04	0.00003650
379.56	0.04	0.00002488
379.60	0.04	0.00000542
379.64	0.04	0.00004141
379.68	0.04	0.00002447
379.72	0.04	-0.00000120
379.76	0.04	0.00001973
379.80	0.04	0.00002995
379.84	0.04	0.00004803
379.88	0.04	0.00003616
379.92	0.04	0.00003753
379.96	0.04	0.00001598
380.00	0.04	0.00003347
380.04	0.04	0.00003986
380.08	0.04	0.00001135
380.12	0.04	0.00005683
380.16	0.04	0.00004180
380.20	0.04	0.00002210
380.24	0.04	0.00001764
380.28	0.04	0.00001996
380.32	0.04	0.00004311
380.36	0.04	0.00004015
380.40	0.04	0.00000971
380.44	0.04	0.00009911
380.48	0.04	0.00007295
380.52	0.04	0.00002692
380.56	0.04	0.00001223
380.60	0.04	0.00002602
380.64	0.04	0.00002346
380.68	0.04	0.00000955
380.72	0.04	0.00001864
380.76	0.04	0.00001889
380.80	0.04	0.00001153
380.84	0.04	0.00005526
380.88	0.04	0.00003948
380.92	0.04	0.00001664
380.96	0.04	0.00002811
381.00	0.04	0.00003364
381.04	0.04	0.00004518
381.08	0.04	0.00002911
381.12	0.04	0.00000205
381.16	0.04	0.00004236
381.20	0.04	0.00002648
381.24	0.04	0.00003720
381.28	0.04	0.00004341
381.32	0.04	0.00002090
381.36	0.04	0.00000819
381.40	0.04	0.00011927
381.44	0.04	0.00007513
381.48	0.04	0.00005948
381.52	0.04	0.00005164
381.56	0.04	0.00003202
381.60	0.04	0.00004912
381.64	0.04	0.00005609
381.68	0.04	0.00003513
381.72	0.04	0.00004871
381.76	0.04	0.00003695
381.80	0.04	0.00003390
381.84	0.04	0.00003340
381.88	0.04	0.00003514
381.92	0.04	0.00002126
381.96	0.04	0.00001735
382.00	0.04	0.00002400
382.04	0.04	0.00003520
382.08	0.04	0.00002703
382.12	0.04	0.00004266
382.16	0.04	0.00004603
382.20	0.04	0.00003207
382.24	0.04	0.00003947
382.28	0.04	0.00004411
382.32	0.04	0.00003029
382.36	0.04	0.00010149
382.40	0.04	0.00009200
382.44	0.04	0.00004960
382.48	0.04	0.00001828
382.52	0.04	0.00003265
382.56	0.04	0.00003227
382.60	0.04	0.00003629
382.64	0.04	0.00004183
382.68	0.04	0.00002170
382.72	0.04	0.00002954
382.76	0.04	0.00005291
382.80	0.04	0.00004453
382.84	0.04	0.00003324
382.88	0.04	0.00005172
382.92	0.04	0.00001855
382.96	0.04	0.00003795
383.00	0.04	0.00001110
383.04	0.04	0.00002286
383.08	0.04	0.00002898
383.12	0.04	0.00001401
383.16	0.04	0.00002701
383.20	0.04	0.00002633
383.24	0.04	0.00001138
383.28	0.04	0.00003022
383.32	0.04	0.00012776
383.36	0.04	0.00007008
383.40	0.04	0.00004761
383.44	0.04	0.00001153
383.48	0.04	0.00001429
383.52	0.04	0.00003706
383.56	0.04	0.00004250
383.60	0.04	0.00002005
383.64	0.04	0.00003385
383.68	0.04	0.00001180
383.72	0.04	0.00003900
383.76	0.04	0.00003213
383.80	0.04	0.00005256
383.84	0.04	0.00003287
383.88	0.04	0.00003901
383.92	0.04	0.00004520
383.96	0.04	0.00002600
384.00	0.04	0.00004879
384.04	0.04	0.00003730
384.08	0.04	0.00001961
384.12	0.04	0.00002272
384.16	0.04	0.00002110
384.20	0.04	0.00003942
384.24	0.04	0.00003019
384.28	0.04	0.00003607
384.32	0.04	0.00002718
384.36	0.04	0.00002643
384.40	0.04	0.00004277
384.44	0.04	0.00002516
384.48	0.04	0.00000361
384.52	0.04	0.00001996
384.56	0.04	0.00003319
384.60	0.04	0.00001973
384.64	0.04	0.00004710
384.68	0.04	0.00001351
384.72	0.04	0.00004317
384.76	0.04	0.00005050
384.80	0.04	0.00001436
384.84	0.04	0.00003095
384.88	0.04	0.00002261
384.92	0.04	0.00002380
384.96	0.04	0.00001175
385.00	0.04	-0.00000317
385.04	0.04	0.00001473
385.08	0.04	0.00001902
385.12	0.04	0.00003672
385.16	0.04	0.00002965
385.20	0.04	0.00000754
385.24	0.04	0.00005377
385.28	0.04	0.00004062
385.32	0.04	0.00001850
385.36	0.04	0.00000644
385.40	0.04	0.00000012
385.44	0.04	0.00002706
385.48	0.04	0.00001230
385.52	0.04	0.00000095
385.56	0.04	-0.00000290
385.60	0.04	-0.00000197
385.64	0.04	0.00001372
385.68	0.04	0.00002019
385.72	0.04	0.00001565
385.76	0.04	0.00001670
385.80	0.04	0.00002188
385.84	0.04	0.00000503
385.88	0.04	0.00000381
385.92	0.04	0.00002949
385.96	0.04	0.00001185
386.00	0.04	0.00001885
386.04	0.04	0.00003641
386.08	0.04	0.00000856
386.12	0.04	0.00003153
386.16	0.04	-0.00000513
386.20	0.04	0.00005909
386.24	0.04	0.00004248
386.28	0.04	0.00002439
386.32	0.04	0.00001329
386.36	0.04	0.00002054
386.40	0.04	-0.00005405
386.44	0.04	0.00000726
386.48	0.04	0.00003059
386.52	0.04	0.00000480
386.56	0.04	0.00003239
386.60	0.04	0.00004121
386.64	0.04	0.00002636
386.68	0.04	0.00005554
386.72	0.04	0.00004057
386.76	0.04	0.00002987
386.80	0.04	0.00001755
386.84	0.04	0.00002950
386.88	0.04	0.00005898
386.92	0.04	0.00004626
386.96	0.04	0.00002859
387.00	0.04	0.00002870
387.04	0.04	0.00004653
387.08	0.04	0.00005983
387.12	0.04	0.00006210
387.16	0.04	0.00004179
387.20	0.04	0.00004280
387.24	0.04	0.00006483
387.28	0.04	0.00004897
387.32	0.04	0.00004445
387.36	0.04	0.00003873
387.40	0.04	0.00004388
387.44	0.04	0.00004764
387.48	0.04	0.00004200
387.52	0.04	0.00005024
387.56	0.04	0.00005744
387.60	0.04	0.00005810
387.64	0.04	0.00004686
387.68	0.04	0.00003614
387.72	0.04	0.00005945
387.76	0.04	0.00004426
387.80	0.04	0.00003675
387.84	0.04	0.00004514
387.88	0.04	0.00004386
387.92	0.04	0.00003405
387.96	0.04	0.00000098
388.00	0.04	0.00006561
388.04	0.04	0.00003530
388.08	0.04	0.00002438
388.12	0.04	0.00003672
388.16	0.04	0.00003906
388.20	0.04	0.00003487
388.24	0.04	0.00003776
388.28	0.04	0.00003371
388.32	0.04	0.00002420
388.36	0.04	0.00002483
388.40	0.04	0.00001913
388.44	0.04	0.00002549
388.48	0.04	0.00001910
388.52	0.04	0.00003086
388.56	0.04	0.00003826
388.60	0.04	0.00001646
388.64	0.04	0.00003497
388.68	0.04	0.00005397
388.72	0.04	0.00003284
388.76	0.04	0.00003640
388.80	0.04	0.00003525
388.84	0.04	0.00002950
388.88	0.04	0.00003819
388.92	0.04	0.00002673
388.96	0.04	0.00003660
389.00	0.04	0.00004499
389.04	0.04	0.00004827
389.08	0.04	0.00003164
389.12	0.04	0.00004383
389.16	0.04	0.00002423
389.20	0.04	0.00003908
389.24	0.04	0.00002889
389.28	0.04	0.00005694
389.32	0.04	0.00002260
389.36	0.04	0.00005039
389.40	0.04	0.00003627
389.44	0.04	0.00002192
389.48	0.04	0.00003284
389.52	0.04	0.00002246
389.56	0.04	0.00003932
389.60	0.04	0.00002490
389.64	0.04	0.00003638
389.68	0.04	0.00001830
389.72	0.04	0.00001068
389.76	0.04	0.00001927
389.80	0.04	0.00003477
389.84	0.04	0.00003054
389.88	0.04	0.00002691
389.92	0.04	0.00001185
389.96	0.04	0.00002125
390.00	0.04	0.00001389
390.04	0.04	0.00002946
390.08	0.04	0.00003783
390.12	0.04	0.00003053
390.16	0.04	0.00003037
390.20	0.04	0.00002600
390.24	0.04	0.00001218
390.28	0.04	0.00001703
390.32	0.04	0.00002989
390.36	0.04	0.00002349
390.40	0.04	0.00002760
390.44	0.04	0.00002987
390.48	0.04	0.00001578
390.52	0.04	0.00003415
390.56	0.04	0.00002663
390.60	0.04	0.00003867
390.64	0.04	0.00003622
390.68	0.04	0.00002951
390.72	0.04	0.00002899
390.76	0.04	0.00002664
390.80	0.04	0.00002868
390.84	0.04	0.00002201
390.88	0.04	0.00001542
390.92	0.04	0.00002181
390.96	0.04	0.00001577
391.00	0.04	0.00002332
391.04	0.04	0.00001379
391.08	0.04	0.00002581
391.12	0.04	0.00002390
391.16	0.04	0.00001522
391.20	0.04	0.00001950
391.24	0.04	0.00002963
391.28	0.04	0.00001074
391.32	0.04	0.00001214
391.36	0.04	0.00001267
391.40	0.04	0.00001309
391.44	0.04	0.00001901
391.48	0.04	0.00000947
391.52	0.04	0.00002935
391.56	0.04	0.00001162
391.60	0.04	0.00000214
391.64	0.04	0.00001599
391.68	0.04	0.00001543
391.72	0.04	0.00001608
391.76	0.04	0.00001751
391.80	0.04	0.00001416
391.84	0.04	0.00001238
391.88	0.04	-0.00001482
391.92	0.04	0.00001517
391.96	0.04	0.00001909
392.00	0.04	0.00000010
392.04	0.04	0.00001353
392.08	0.04	0.00000764
392.12	0.04	0.00000094
392.16	0.04	0.00000701
392.20	0.04	0.00003070
392.24	0.04	0.00000671
392.28	0.04	-0.00000276
392.32	0.04	0.00001521
392.36	0.04	0.00001274
392.40	0.04	0.00001392
392.44	0.04	0.00002315
392.48	0.04	0.00001791
392.52	0.04	-0.00000458
392.56	0.04	-0.00001030
392.60	0.04	-0.00000327
392.64	0.04	0.00000313
392.68	0.04	0.00002346
392.72	0.04	0.00000018
392.76	0.04	-0.00000074
392.80	0.04	0.00000979
392.84	0.04	0.00000437
392.88	0.04	0.00001416
392.92	0.04	0.00000919
392.96	0.04	0.00000779
393.00	0.04	0.00000472
393.04	0.04	0.00000219
393.08	0.04	0.00001195
393.12	0.04	0.00001319
393.16	0.04	-0.00000213
393.20	0.04	0.00001607
393.24	0.04	-0.00001481
393.28	0.04	0.00000078
393.32	0.04	0.00000023
393.36	0.04	0.00000530
393.40	0.04	-0.00000459
393.44	0.04	0.00000685
393.48	0.04	-0.00000245
393.52	0.04	0.00000678
393.56	0.04	-0.00000136
393.60	0.04	0.00000091
393.64	0.04	0.00000285
393.68	0.04	0.00001212
393.72	0.04	-0.00000281
393.76	0.04	-0.00000013
393.80	0.04	-0.00000901
393.84	0.04	-0.00001775
393.88	0.04	-0.00000379
393.92	0.04	-0.00000165
393.96	0.04	-0.00000014
394.00	0.04	0.00000673
394.04	0.04	-0.00000278
394.08	0.04	-0.00000862
394.12	0.04	-0.00000255
394.16	0.04	0.00000932
394.20	0.04	-0.00000428
394.24	0.04	0.00001917
394.28	0.04	0.00001363
394.32	0.04	0.00000182
394.36	0.04	-0.00001459
394.40	0.04	0.00000093
394.44	0.04	0.00001595
394.48	0.04	0.00000477
394.52	0.04	0.00000377
394.56	0.04	0.00001660
394.60	0.04	0.00001603
394.64	0.04	0.00000858
394.68	0.04	-0.00001995
394.72	0.04	-0.00001687
394.76	0.04	0.00000809
394.80	0.04	-0.00002063
394.84	0.04	-0.00001100
394.88	0.04	-0.00000864
394.92	0.04	-0.00000996
394.96	0.04	-0.00000435
395.00	0.04	-0.00001148
395.04	0.04	-0.00000281
395.08	0.04	-0.00001687
395.12	0.04	0.00001865
395.16	0.04	0.00000101
395.20	0.04	0.00000761
395.24	0.04	-0.00000561
395.28	0.04	-0.00002518
395.32	0.04	-0.00002046
395.36	0.04	-0.00000310
395.40	0.04	0.00000379
395.44	0.04	0.00000510
395.48	0.04	0.00001822
395.52	0.04	-0.00000307
395.56	0.04	-0.00004342
395.60	0.04	0.00000802
395.64	0.04	-0.00001587
395.68	0.04	-0.00002279
395.72	0.04	-0.00000552
395.76	0.04	-0.00003003
395.80	0.04	-0.00003285
395.84	0.04	-0.00004016
395.88	0.04	-0.00005479
395.92	0.04	-0.00000593
395.96	0.04	0.00000701
396.00	0.04	-0.00000005
396.04	0.04	-0.00000881
396.08	0.04	-0.00000947
396.12	0.04	-0.00001424
396.16	0.04	0.00000072
396.20	0.04	-0.00001071
396.24	0.04	0.00001876
396.28	0.04	-0.00001071
396.32	0.04	-0.00002248
396.36	0.04	0.00002119
396.40	0.04	-0.00006016
396.44	0.04	-0.00001253
396.48	0.04	-0.00003873
396.52	0.04	0.00000018
396.56	0.04	-0.00002696
396.60	0.04	-0.00000910
396.64	0.04	-0.00000174
396.68	0.04	-0.00002901
396.72	0.04	-0.00005750
396.76	0.04	-0.00004358
396.80	0.04	0.00001553
396.84	0.04	-0.00000558
396.88	0.04	-0.00000057
396.92	0.04	0.00000965
396.96	0.04	0.00000026
397.00	0.04	-0.00000619
397.04	0.04	-0.00000620
397.08	0.04	0.00001643
397.12	0.04	-0.00000737
397.16	0.04	0.00001421
397.20	0.04	-0.00001539
397.24	0.04	0.00002668
397.28	0.04	-0.00002811
397.32	0.04	-0.00000836
397.36	0.04	-0.00000576
397.40	0.04	0.00001151
397.44	0.04	-0.00000633
397.48	0.04	0.00002243
397.52	0.04	0.00003050
397.56	0.04	-0.00000478
397.60	0.04	0.00001366
397.64	0.04	0.00003491
397.68	0.04	0.00001554
397.72	0.04	-0.00002557
397.76	0.04	0.00001080
397.80	0.04	-0.00000902
397.84	0.04	-0.00000048
397.88	0.04	0.00000545
397.92	0.04	-0.00001303
397.96	0.04	-0.00000196
398.00	0.04	-0.00002497
398.04	0.04	-0.00001210
398.08	0.04	0.00002320
398.12	0.04	0.00000147
398.16	0.04	0.00000713
398.20	0.04	0.00003010
398.24	0.04	0.00000167
398.28	0.04	0.00000899
398.32	0.04	-0.00002841
398.36	0.04	-0.00001955
398.40	0.04	0.00000323
398.44	0.04	0.00001074
398.48	0.04	-0.00000268
398.52	0.04	0.00003370
398.56	0.04	0.00001844
398.60	0.04	0.00001932
398.64	0.04	0.00001095
398.68	0.04	-0.00001991
398.72	0.04	0.00001685
398.76	0.04	0.00003307
398.80	0.04	0.00000219
398.84	0.04	-0.00002709
398.88	0.04	-0.00001750
398.92	0.04	-0.00004406
398.96	0.04	-0.00000192
399.00	0.04	0.00001252
399.04	0.04	-0.00005460
399.08	0.04	-0.00006231
399.12	0.04	-0.00007089
399.16	0.04	0.00001350
399.20	0.04	0.00000626
399.24	0.04	0.00001882
399.28	0.04	-0.00001190
399.32	0.04	-0.00002380
399.36	0.04	-0.00002014
399.40	0.04	-0.00003403
399.44	0.04	-0.00000289
399.48	0.04	0.00003127
399.52	0.04	-0.00002943
399.56	0.04	0.00005158
399.60	0.04	0.00006003
399.64	0.04	0.00000091
399.68	0.04	0.00004626
399.72	0.04	-0.00002576
399.76	0.04	0.00003110
399.80	0.04	-0.00002343
399.84	0.04	0.00000800
399.88	0.04	0.00003031
399.92	0.04	0.00000331
399.96	0.04	0.00003995
400.00	0.04	0.00000825
400.04	0.04	0.00004158
400.08	0.04	0.00011948
400.12	0.04	-0.00021217
400.16	0.04	-0.00000728
400.20	0.04	0.00019686
400.24	0.04	-0.00003994
400.28	0.04	0.00022294
400.32	0.04	0.00044644
400.36	0.04	0.00071365
400.40	0.04	0.00049066
400.44	0.04	0.00035845
400.48	0.04	0.00012410
400.52	0.04	0.00025499
400.56	0.04	0.00018238
400.60	0.04	0.00016085
400.64	0.04	0.00009519
400.68	0.04	0.00006051
400.72	0.04	-0.00023175
400.76	0.04	-0.00018472
400.80	0.04	-0.00022279
400.84	0.04	-0.00003718
400.88	0.04	0.00012058
400.92	0.04	0.00002393
400.96	0.04	-0.00013379
401.00	0.04	-0.00012784
401.04	0.04	-0.00030229
401.08	0.04	-0.00001833
401.12	0.04	0.00002193
401.16	0.04	-0.00027321
401.20	0.04	-0.00024844
401.24	0.04	-0.00023189
401.28	0.04	-0.00014211
401.32	0.04	-0.00025907
401.36	0.04	-0.00019625
401.40	0.04	-0.00030938
401.44	0.04	-0.00025810
401.48	0.04	-0.00026617
401.52	0.04	-0.00038812
401.56	0.04	-0.00037558
401.60	0.04	0.00098597
401.64	0.04	0.00078833
401.68	0.04	0.00032883
401.72	0.04	-0.00047237
401.76	0.04	-0.00065051
401.80	0.04	-0.00013034
401.84	0.04	0.00010344
401.88	0.04	0.00012691
401.92	0.04	0.00086089
401.96	0.04	0.00119890
402.00	0.04	0.00126188
402.04	0.04	0.00125214
402.08	0.04	0.00149899
402.12	0.04	0.00140036
402.16	0.04	0.00150268
402.20	0.04	0.00095378
402.24	0.04	0.00067138
402.28	0.04	0.00023249
402.32	0.04	-0.00013748
402.36	0.04	-0.00051234
402.40	0.04	-0.00011878
402.44	0.04	-0.00051763
402.48	0.04	0.00002423
402.52	0.04	-0.00034098
402.56	0.04	-0.00029629
402.60	0.04	-0.00026491
402.64	0.04	0.00008739
402.68	0.04	0.00011281
402.72	0.04	0.00030648
402.76	0.04	-0.00013148
402.80	0.04	-0.00036344
402.84	0.04	-0.00047069
402.88	0.04	-0.00023336
402.92	0.04	-0.00026923
402.96	0.04	-0.00025540
403.00	0.04	-0.00047701
403.04	0.04	-0.00011133
403.08	0.04	0.00004113
403.12	0.04	0.00013353
403.16	0.04	0.00009532
403.20	0.04	0.00070756
403.24	0.04	0.00077544
403.28	0.04	0.00041767
403.32	0.04	0.00053365
403.36	0.04	0.00060796
403.40	0.04	0.00051703
403.44	0.04	0.00078475
403.48	0.04	0.00038019
403.52	0.04	0.00019480
403.56	0.04	0.00012251
403.60	0.04	0.00009235
403.64	0.04	-0.00019524
403.68	0.04	-0.00009623
403.72	0.04	0.00021364
403.76	0.04	-0.00051418
403.80	0.04	0.00040735
403.84	0.04	0.00124879
403.88	0.04	0.00024089
403.92	0.04	0.00031241
403.96	0.04	0.00020176
404.00	0.04	-0.00048874
404.04	0.04	0.00021735
404.08	0.04	0.00086630
404.12	0.04	0.00002451
404.16	0.04	-0.00081652
404.20	0.04	0.00050073
404.24	0.04	-0.00023313
404.28	0.04	-0.00008183
404.32	0.04	-0.00078901
404.36	0.04	-0.00057177
404.40	0.04	-0.00004689
404.44	0.04	-0.00006921
404.48	0.04	-0.00063423
404.52	0.04	-0.00051157
404.56	0.04	-0.00059515
404.60	0.04	-0.00070479
404.64	0.04	-0.00027492
404.68	0.04	-0.00023339
404.72	0.04	-0.00025431
404.76	0.04	-0.00000273
404.80	0.04	-0.00053439
404.84	0.04	-0.00011559
404.88	0.04	0.00008975
404.92	0.04	0.00018054
404.96	0.04	0.00006642
405.00	0.04	0.00033333
405.04	0.04	0.00049477
405.08	0.04	0.00057021
405.12	0.04	0.00065994
405.16	0.04	0.00048095
405.20	0.04	0.00034096
405.24	0.04	0.00045290
405.28	0.04	0.00030620
405.32	0.04	0.00032230
405.36	0.04	-0.00005154
405.40	0.04	0.00015221
405.44	0.04	0.00019280
405.48	0.04	0.00032399
405.52	0.04	0.00027134
405.56	0.04	-0.00016091
405.60	0.04	0.00038817
405.64	0.04	-0.00006032
405.68	0.04	0.00001022
405.72	0.04	0.00026813
405.76	0.04	0.00070330
405.80	0.04	0.00050353
405.84	0.04	-0.00049829
405.88	0.04	-0.00067823
405.92	0.04	-0.00079139
405.96	0.04	-0.00300562
406.00	0.04	-0.00311376
406.04	0.04	-0.00222703
406.08	0.04	-0.00172250
406.12	0.04	-0.00227865
406.16	0.04	-0.00141605
406.20	0.04	-0.00045458
406.24	0.04	0.00050957
406.28	0.04	0.00048349
406.32	0.04	0.00055409
406.36	0.04	-0.00000032
406.40	0.04	-0.00003582
406.44	0.04	-0.00067309
406.48	0.04	-0.00121708
406.52	0.04	-0.00085077
406.56	0.04	-0.00083308
406.60	0.04	-0.00063814
406.64	0.04	-0.00029737
406.68	0.04	0.00006872
406.72	0.04	-0.00024997
406.76	0.04	-0.00037656
406.80	0.04	-0.00063528
406.84	0.04	-0.00052177
406.88	0.04	-0.00063962
406.92	0.04	-0.00032125
406.96	0.04	-0.00013283
407.00	0.04	-0.00003948
407.04	0.04	-0.00013716
407.08	0.04	-0.00005371
407.12	0.04	0.00009715
407.16	0.04	0.00006351
407.20	0.04	0.00001334
407.24	0.04	-0.00014004
407.28	0.04	-0.00021589
407.32	0.04	-0.00010297
407.36	0.04	-0.00005029
407.40	0.04	0.00008277
407.44	0.04	0.00016344
407.48	0.04	0.00031852
407.52	0.04	-0.00007350
407.56	0.04	0.00014098
407.60	0.04	0.00014007
407.64	0.04	-0.00008172
407.68	0.04	-0.00012287
407.72	0.04	-0.00031917
407.76	0.04	0.00019889
407.80	0.04	-0.00018655
407.84	0.04	-0.00004589
407.88	0.04	-0.00034065
407.92	0.04	-0.00042550
407.96	0.04	-0.00006839
408.00	0.04	-0.00038945
408.04	0.04	-0.00024933
408.08	0.04	-0.00040746
408.12	0.04	-0.00030303
408.16	0.04	-0.00061556
408.20	0.04	-0.00022545
408.24	0.04	-0.00016310
408.28	0.04	-0.00014549
408.32	0.04	-0.00017900
408.36	0.04	0.00000209
408.40	0.04	-0.00019041
408.44	0.04	-0.00009307
408.48	0.04	-0.00018191
408.52	0.04	-0.00034594
408.56	0.04	0.00003961
408.60	0.04	-0.00028017
408.64	0.04	0.00007874
408.68	0.04	-0.00030140
408.72	0.04	-0.00028773
408.76	0.04	0.00016720
408.80	0.04	-0.00002082
408.84	0.04	-0.00019309
408.88	0.04	-0.00022979
408.92	0.04	-0.00010517
408.96	0.04	-0.00013891
409.00	0.04	0.00004909
409.04	0.04	0.00009238
409.08	0.04	0.00007216
409.12	0.04	-0.00026156
409.16	0.04	-0.00032132
409.20	0.04	-0.00015167
409.24	0.04	-0.00026655
409.28	0.04	0.00025680
409.32	0.04	-0.00013860
409.36	0.04	-0.00014387
409.40	0.04	-0.00010934
409.44	0.04	-0.00022990
409.48	0.04	0.00019419
409.52	0.04	-0.00001061
409.56	0.04	-0.00008234
409.60	0.04	-0.00062344
409.64	0.04	-0.00090380
409.68	0.04	-0.00046920
409.72	0.04	-0.00015706
409.76	0.04	0.00001386
409.80	0.04	-0.00022887
409.84	0.04	-0.00038567
409.88	0.04	0.00001842
409.92	0.04	0.00016050
409.96	0.04	-0.00013041
410.00	0.04	0.00023302
410.04	0.04	0.00043186
410.08	0.04	0.00007603
410.12	0.04	-0.00018291
410.16	0.04	0.00042457
410.20	0.04	0.00025931
410.24	0.04	-0.00013267
410.28	0.04	0.00055853
410.32	0.04	0.00060962
410.36	0.04	0.00007237
410.40	0.04	-0.00013724
410.44	0.04	0.00038004
410.48	0.04	0.00085772
410.52	0.04	0.00108781
410.56	0.04	0.00093051
410.60	0.04	0.00137843
410.64	0.04	0.00092279
410.68	0.04	0.00008521
410.72	0.04	0.00010761
410.76	0.04	-0.00095578
410.80	0.04	-0.00034139
410.84	0.04	-0.00028375
410.88	0.04	0.00022873
410.92	0.04	-0.00026973
410.96	0.04	0.00161769
411.00	0.04	0.00145058
411.04	0.04	0.00174767
411.08	0.04	0.00204638
411.12	0.04	0.00065038
411.16	0.04	-0.00062647
411.20	0.04	0.00077190
411.24	0.04	-0.00138832
411.28	0.04	0.00048769
411.32	0.04	-0.00120655
411.36	0.04	-0.00047729
411.40	0.04	0.00212596
411.44	0.04	0.00093153
411.48	0.04	-0.00075057
411.52	0.04	0.00051783
411.56	0.04	-0.00065330
411.60	0.04	-0.00191912
411.64	0.04	0.00014324
411.68	0.04	0.00098467
411.72	0.04	0.00112922
411.76	0.04	0.00258654
411.80	0.04	0.00126936
411.84	0.04	0.00144581
411.88	0.04	0.00302265
411.92	0.04	0.00407738
411.96	0.04	0.00230694
412.00	0.04	0.00265970
412.04	0.04	0.00119983
412.08	0.04	0.00134217
412.12	0.04	-0.00046731
412.16	0.04	-0.00000279
412.20	0.04	-0.00097911
412.24	0.04	-0.00042215
412.28	0.04	-0.00123895
412.32	0.04	-0.00127437
412.36	0.04	-0.00139642
412.40	0.04	-0.00141743
412.44	0.04	-0.00126942
412.48	0.04	-0.00107889
412.52	0.04	0.00050597
412.56	0.04	0.00058321
412.60	0.04	0.00083635
412.64	0.04	0.00003041
412.68	0.04	-0.00017169
412.72	0.04	-0.00041994
412.76	0.04	0.00042029
412.80	0.04	0.00033339
412.84	0.04	-0.00082382
412.88	0.04	0.00133537
412.92	0.04	0.00334379
412.96	0.04	0.00190778
413.00	0.04	0.00187055
413.04	0.04	0.00213970
413.08	0.04	0.00122502
413.12	0.04	-0.00033176
413.16	0.04	-0.00139205
413.20	0.04	-0.00063033
413.24	0.04	-0.00090802
413.28	0.04	-0.00138698
413.32	0.04	-0.00076782
413.36	0.04	-0.00047093
413.40	0.04	-0.00036162
413.44	0.04	-0.00013918
413.48	0.04	0.00003849
413.52	0.04	0.00012503
413.56	0.04	-0.00031868
413.60	0.04	-0.00065110
413.64	0.04	-0.00016031
413.68	0.04	-0.00029571
413.72	0.04	0.00007528
413.76	0.04	-0.00044636
413.80	0.04	-0.00024510
413.84	0.04	-0.00038765
413.88	0.04	-0.00093939
413.92	0.04	0.00013767
413.96	0.04	-0.00132614
414.00	0.04	-0.00115226
414.04	0.04	-0.00068311
414.08	0.04	0.00051994
414.12	0.04	0.00047062
414.16	0.04	-0.00110410
414.20	0.04	-0.00032716
414.24	0.04	0.00044701
414.28	0.04	0.00001736
414.32	0.04	0.00052520
414.36	0.04	0.00003180
414.40	0.04	0.00057105
414.44	0.04	0.00080828
414.48	0.04	0.00099882
414.52	0.04	0.00056810
414.56	0.04	0.00115071
414.60	0.04	0.00065799
414.64	0.04	0.00119741
414.68	0.04	0.00127583
414.72	0.04	0.00237886
414.76	0.04	0.00025757
414.80	0.04	0.00051706
414.84	0.04	0.00094459
414.88	0.04	0.00017216
414.92	0.04	0.00026006
414.96	0.04	0.00089094
415.00	0.04	0.00014451
415.04	0.04	0.00076561
415.08	0.04	-0.00007579
415.12	0.04	0.00002567
415.16	0.04	0.00127093
415.20	0.04	0.00076208
415.24	0.04	0.00088791
415.28	0.04	0.00168982
415.32	0.04	0.00099902
415.36	0.04	-0.00006079
415.40	0.04	0.00128898
415.44	0.04	0.00140079
415.48	0.04	0.00105164
415.52	0.04	0.00071928
415.56	0.04	0.00026219
415.60	0.04	0.00094382
415.64	0.04	0.00092162
415.68	0.04	0.00059452
415.72	0.04	0.00038843
415.76	0.04	0.00027347
415.80	0.04	0.00007401
415.84	0.04	-0.00046083
415.88	0.04	0.00013600
415.92	0.04	0.00049166
415.96	0.04	-0.00055070
416.00	0.04	-0.00118162
416.04	0.04	-0.00097574
416.08	0.04	-0.00004446
416.12	0.04	0.00024567
416.16	0.04	-0.00012464
416.20	0.04	-0.00016261
416.24	0.04	0.00029543
416.28	0.04	-0.00105629
416.32	0.04	-0.00051201
416.36	0.04	-0.00033889
416.40	0.04	-0.00081774
416.44	0.04	-0.00183637
416.48	0.04	-0.00165936
416.52	0.04	-0.00246224
416.56	0.04	-0.00067706
416.60	0.04	-0.00026327
416.64	0.04	-0.00049583
416.68	0.04	-0.00088333
416.72	0.04	-0.00029817
416.76	0.04	0.00016004
416.80	0.04	0.00008297
416.84	0.04	-0.00058344
416.88	0.04	-0.00139266
416.92	0.04	-0.00087796
416.96	0.04	-0.00091973
417.00	0.04	-0.00011910
417.04	0.04	0.00014446
417.08	0.04	0.00007111
417.12	0.04	-0.00075311
417.16	0.04	0.00001762
417.20	0.04	0.00162253
417.24	0.04	0.00022112
417.28	0.04	-0.00024818
417.32	0.04	0.00101240
417.36	0.04	0.00269242
417.40	0.04	0.00348660
417.44	0.04	0.00243090
417.48	0.04	0.00346228
417.52	0.04	0.00483140
417.56	0.04	0.00578309
417.60	0.04	0.00446650
417.64	0.04	0.00510376
417.68	0.04	0.00357114
417.72	0.04	0.00256852
417.76	0.04	0.00262712
417.80	0.04	0.00238622
417.84	0.04	0.00237821
417.88	0.04	0.00023712
417.92	0.04	0.00000997
417.96	0.04	0.00069251
418.00	0.04	-0.00023622
418.04	0.04	0.00036276
418.08	0.04	0.00057532
418.12	0.04	0.00110574
418.16	0.04	0.00041628
418.20	0.04	-0.00019886
418.24	0.04	0.00043676
418.28	0.04	0.00115510
418.32	0.04	0.00067154
418.36	0.04	-0.00064481
418.40	0.04	-0.00121120
418.44	0.04	-0.00112616
418.48	0.04	-0.00176098
418.52	0.04	-0.00142567
418.56	0.04	-0.00145201
418.60	0.04	-0.00111829
418.64	0.04	-0.00020201
418.68	0.04	-0.00016462
418.72	0.04	0.00089127
418.76	0.04	0.00238450
418.80	0.04	0.00278538
418.84	0.04	0.00390361
418.88	0.04	0.00439667
418.92	0.04	0.00488351
418.96	0.04	0.00475537
419.00	0.04	0.00640387
419.04	0.04	0.00523196
419.08	0.04	0.00465240
419.12	0.04	0.00465706
419.16	0.04	0.00333075
419.20	0.04	0.00357976
419.24	0.04	0.00477146
419.28	0.04	0.00630971
419.32	0.04	0.00249559
419.36	0.04	0.00272631
419.40	0.04	0.00423156
419.44	0.04	0.00428705
419.48	0.04	0.00576927
419.52	0.04	0.00345452
419.56	0.04	0.00753117
419.60	0.04	0.00713482
419.64	0.04	0.00646602
419.68	0.04	0.00667604
419.72	0.04	0.00815892
419.76	0.04	0.00737160
419.80	0.04	0.00582245
419.84	0.04	0.00528409
419.88	0.04	0.00590282
419.92	0.04	0.00338733
419.96	0.04	0.00224606
420.00	0.04	0.00456407
420.04	0.04	0.00175216
420.08	0.04	0.00437802
420.12	0.04	0.00407408
420.16	0.04	0.00299448
420.20	0.04	0.00195270
420.24	0.04	0.00420521
420.28	0.04	0.00348247
420.32	0.04	0.00275453
420.36	0.04	0.00008271
420.40	0.04	0.00066557
420.44	0.04	0.00090939
420.48	0.04	-0.00258822
420.52	0.04	-0.00294160
420.56	0.04	-0.00085192
420.60	0.04	0.00163489
420.64	0.04	0.00141120
420.68	0.04	0.00130289
420.72	0.04	-0.00037679
420.76	0.04	-0.00151184
420.80	0.04	-0.00439286
420.84	0.04	-0.00475888
420.88	0.04	-0.00041312
420.92	0.04	0.00067583
420.96	0.04	0.00189951
421.00	0.04	0.00477644
421.04	0.04	0.00115291
421.08	0.04	0.00155010
421.12	0.04	0.00514027
421.16	0.04	0.00420919
421.20	0.04	0.00529698
421.24	0.04	0.00516625
421.28	0.04	0.01144602
421.32	0.04	0.01402502
421.36	0.04	0.01699742
421.40	0.04	0.01448726
421.44	0.04	0.01382172
421.48	0.04	0.01354927
421.52	0.04	0.01195806
421.56	0.04	0.00968781
421.60	0.04	0.00684111
421.64	0.04	0.00427783
421.68	0.04	0.00206756
421.72	0.04	-0.00049019
421.76	0.04	0.00146544
421.80	0.04	-0.00008409
421.84	0.04	-0.00104188
421.88	0.04	-0.00132020
421.92	0.04	-0.00349791
421.96	0.04	0.00044711
422.00	0.04	0.00235589
422.04	0.04	0.00133230
422.08	0.04	0.00553396
422.12	0.04	0.00782411
422.16	0.04	0.00496561
422.20	0.04	0.00591299
422.24	0.04	0.00683427
422.28	0.04	0.01024122
422.32	0.04	0.00841919
422.36	0.04	0.00835466
422.40	0.04	0.00736845
422.44	0.04	0.00776219
422.48	0.04	0.00937896
422.52	0.04	0.01119495
422.56	0.04	0.00927376
422.60	0.04	0.00943291
422.64	0.04	0.00610250
422.68	0.04	0.00507491
422.72	0.04	0.00104714
422.76	0.04	-0.00215186
422.80	0.04	-0.00331939
422.84	0.04	-0.00262140
422.88	0.04	-0.00474534
422.92	0.04	0.00076282
422.96	0.04	-0.00003678
423.00	0.04	0.00022454
423.04	0.04	-0.00135392
423.08	0.04	0.00039492
423.12	0.04	-0.00335704
423.16	0.04	-0.00383099
423.20	0.04	-0.00307826
423.24	0.04	0.00126710
423.28	0.04	0.00047072
423.32	0.04	0.00105778
423.36	0.04	-0.00082207
423.40	0.04	-0.00024641
423.44	0.04	0.00040380
423.48	0.04	0.00251925
423.52	0.04	0.00082752
423.56	0.04	-0.00236078
423.60	0.04	-0.00032033
423.64	0.04	-0.00344948
423.68	0.04	-0.00113323
423.72	0.04	-0.00184752
423.76	0.04	-0.00021476
423.80	0.04	-0.00454057
423.84	0.04	-0.00450872
423.88	0.04	-0.00331659
423.92	0.04	-0.00506370
423.96	0.04	-0.00420009
424.00	0.04	-0.00379486
424.04	0.04	-0.00457178
424.08	0.04	-0.00177685
424.12	0.04	-0.00012641
424.16	0.04	-0.00094182
424.20	0.04	-0.00093859
424.24	0.04	-0.00022692
424.28	0.04	0.00344622
424.32	0.04	0.00600152
424.36	0.04	0.00243575
424.40	0.04	0.00328783
424.44	0.04	0.00253789
424.48	0.04	0.00329404
424.52	0.04	0.00378082
424.56	0.04	0.00433467
424.60	0.04	0.00811173
424.64	0.04	0.00682969
424.68	0.04	0.00747359
424.72	0.04	0.00336399
424.76	0.04	0.00321092
424.80	0.04	0.00390363
424.84	0.04	0.00313413
424.88	0.04	0.00201080
424.92	0.04	0.00123054
424.96	0.04	0.00325510
425.00	0.04	0.00191623
425.04	0.04	0.00240000
425.08	0.04	0.00102829
425.12	0.04	0.00315924
425.16	0.04	0.00530671
425.20	0.04	0.00179990
425.24	0.04	0.00138122
425.28	0.04	0.00113331
425.32	0.04	0.00179792
425.36	0.04	0.00101847
425.40	0.04	0.00138261
425.44	0.04	0.00011087
425.48	0.04	0.00007509
425.52	0.04	0.00161906
425.56	0.04	0.00188389
425.60	0.04	0.00042002
425.64	0.04	0.00126415
425.68	0.04	0.00233302
425.72	0.04	0.00097137
425.76	0.04	-0.00145458
425.80	0.04	-0.00080804
425.84	0.04	-0.00141189
425.88	0.04	0.00202471
425.92	0.04	0.00208987
425.96	0.04	-0.00149659
426.00	0.04	-0.00089441
426.04	0.04	-0.00124369
426.08	0.04	-0.00242679
426.12	0.04	-0.00510127
426.16	0.04	-0.00010570
426.20	0.04	-0.00142129
426.24	0.04	-0.00047389
426.28	0.04	-0.00392581
426.32	0.04	0.00013880
426.36	0.04	0.00139897
426.40	0.04	-0.00307036
426.44	0.04	-0.00193100
426.48	0.04	0.00179274
426.52	0.04	-0.00224817
426.56	0.04	-0.00523435
426.60	0.04	-0.00850345
426.64	0.04	0.00022963
426.68	0.04	-0.00057403
426.72	0.04	-0.00060032
426.76	0.04	-0.00217254
426.80	0.04	-0.00382613
426.84	0.04	0.00025079
426.88	0.04	-0.00043138
426.92	0.04	0.00231345
426.96	0.04	-0.00364867
427.00	0.04	-0.00223041
427.04	0.04	-0.00287407
427.08	0.04	0.00117080
427.12	0.04	0.00295504
427.16	0.04	-0.00018133
427.20	0.04	0.00607460
427.24	0.04	0.00070948
427.28	0.04	0.00612870
427.32	0.04	0.00795817
427.36	0.04	0.00416104
427.40	0.04	0.00042758
427.44	0.04	0.00254880
427.48	0.04	0.00121265
427.52	0.04	-0.00078719
427.56	0.04	-0.00540864
427.60	0.04	-0.00181856
427.64	0.04	-0.00434823
427.68	0.04	-0.00428884
427.72	0.04	-0.00017090
427.76	0.04	-0.00488492
427.80	0.04	-0.00328989
427.84	0.04	-0.00277337
427.88	0.04	-0.00264533
427.92	0.04	-0.00484976
427.96	0.04	-0.01102686
428.00	0.04	-0.00683160
428.04	0.04	-0.00536557
428.08	0.04	-0.00564645
428.12	0.04	-0.00206011
428.16	0.04	-0.00172477
428.20	0.04	-0.00399455
428.24	0.04	-0.00564492
428.28	0.04	-0.00205502
428.32	0.04	-0.00422519
428.36	0.04	-0.00169230
428.40	0.04	-0.00148160
428.44	0.04	0.00757087
428.48	0.04	0.00099014
428.52	0.04	-0.00310195
428.56	0.04	-0.00394514
428.60	0.04	-0.00355140
428.64	0.04	-0.01127200
428.68	0.04	-0.00645327
428.72	0.04	-0.00251255
428.76	0.04	0.00038680
428.80	0.04	-0.00374397
428.84	0.04	-0.00695436
428.88	0.04	-0.00918335
428.92	0.04	-0.01111801
428.96	0.04	-0.01338944
429.00	0.04	-0.01651420
429.04	0.04	-0.01911656
429.08	0.04	-0.02664591
429.12	0.04	-0.02024549
429.16	0.04	-0.01131185
429.20	0.04	-0.01225365
429.24	0.04	-0.00477107
429.28	0.04	-0.00160852
429.32	0.04	-0.00504117
429.36	0.04	-0.00191105
429.40	0.04	-0.00629456
429.44	0.04	-0.00587978
429.48	0.04	-0.00985383
429.52	0.04	-0.01513561
429.56	0.04	-0.00964934
429.60	0.04	-0.01876638
429.64	0.04	-0.01669173
429.68	0.04	-0.00537516
429.72	0.04	-0.00016340
429.76	0.04	-0.01165772
429.80	0.04	-0.00907482
429.84	0.04	-0.00814596
429.88	0.04	-0.00783930
429.92	0.04	-0.00254954
429.96	0.04	-0.01033915
430.00	0.04	-0.01241635
430.04	0.04	-0.00992394
430.08	0.04	-0.01276638
430.12	0.04	-0.02886157
430.16	0.04	-0.02148444
430.20	0.04	-0.01614938
430.24	0.04	-0.01312379
430.28	0.04	0.00128009
430.32	0.04	0.00528795
430.36	0.04	0.00781608
430.40	0.04	-0.00052430
430.44	0.04	0.00129912
430.48	0.04	0.00268666
430.52	0.04	0.00315126
430.56	0.04	-0.00565062
430.60	0.04	-0.00119310
430.64	0.04	0.00113558
430.68	0.04	-0.00029900
430.72	0.04	-0.00109969
430.76	0.04	-0.00177977
430.80	0.04	0.00057021
430.84	0.04	0.00787882
430.88	0.04	0.00300630
430.92	0.04	-0.00661776
430.96	0.04	0.00133698
431.00	0.04	-0.00499444
431.04	0.04	0.00353559
431.08	0.04	0.00279350
431.12	0.04	0.00048308
431.16	0.04	-0.00187922
431.20	0.04	-0.00371132
431.24	0.04	-0.00466794
431.28	0.04	-0.00551042
431.32	0.04	-0.00477950
431.36	0.04	-0.00492016
431.40	0.04	-0.00242272
431.44	0.04	-0.00263295
431.48	0.04	0.00052542
431.52	0.04	-0.00049557
431.56	0.04	-0.00635041
431.60	0.04	-0.00465167
431.64	0.04	-0.00319125
431.68	0.04	-0.00778139
431.72	0.04	-0.00771955
431.76	0.04	-0.00809757
431.80	0.04	-0.00966047
431.84	0.04	-0.00056978
431.88	0.04	-0.00144821
431.92	0.04	-0.00177808
431.96	0.04	-0.00004972
432.00	0.04	-0.00004892
432.04	0.04	0.00599397
432.08	0.04	0.00158705
432.12	0.04	-0.00371757
432.16	0.04	-0.00281237
432.20	0.04	-0.00454181
432.24	0.04	-0.00216778
432.28	0.04	-0.00248758
432.32	0.04	-0.00089228
432.36	0.04	0.00374090
432.40	0.04	-0.00122759
432.44	0.04	-0.00023011
432.48	0.04	0.00268682
432.52	0.04	0.00049708
432.56	0.04	0.00157954
432.60	0.04	0.00210102
432.64	0.04	0.00179735
432.68	0.04	0.00003551
432.72	0.04	0.00106003
432.76	0.04	-0.00226874
432.80	0.04	0.00046071
432.84	0.04	0.00146483
432.88	0.04	0.00016738
432.92	0.04	0.00024507
432.96	0.04	0.00181598
433.00	0.04	0.00022520
433.04	0.04	0.00065508
433.08	0.04	0.00308928
433.12	0.04	-0.00111472
433.16	0.04	0.00086631
433.20	0.04	0.00290397
433.24	0.04	-0.00207388
433.28	0.04	0.00139392
433.32	0.04	0.00171147
433.36	0.04	-0.00339429
433.40	0.04	-0.00611078
433.44	0.04	-0.00381950
433.48	0.04	0.00355756
433.52	0.04	0.00092865
433.56	0.04	0.00120575
433.60	0.04	0.00221729
433.64	0.04	0.00236646
433.68	0.04	0.00076089
433.72	0.04	0.00066375
433.76	0.04	0.00077083
433.80	0.04	0.00092365
433.84	0.04	-0.00164625
433.88	0.04	-0.00094231
433.92	0.04	-0.00042992
433.96	0.04	0.00147456
434.00	0.04	0.00014512
434.04	0.04	-0.00067221
434.08	0.04	0.00066772
434.12	0.04	-0.00077292
434.16	0.04	-0.00198038
434.20	0.04	0.00401874
434.24	0.04	0.00603867
434.28	0.04	-0.00071737
434.32	0.04	-0.00139004
434.36	0.04	0.00138396
434.40	0.04	0.00191234
434.44	0.04	0.00127376
434.48	0.04	-0.00010435
434.52	0.04	0.00112956
434.56	0.04	-0.00002200
434.60	0.04	-0.00127593
434.64	0.04	0.00140518
434.68	0.04	0.00065781
434.72	0.04	-0.00262479
434.76	0.04	0.00041802
434.80	0.04	0.00084998
434.84	0.04	0.00306327
434.88	0.04	0.00071857
434.92	0.04	0.00114314
434.96	0.04	0.00090347
435.00	0.04	0.00251833
435.04	0.04	0.00463654
435.08	0.04	0.00113715
435.12	0.04	0.00160197
435.16	0.04	0.00073076
435.20	0.04	0.00086649
435.24	0.04	0.00296296
435.28	0.04	-0.00355643
435.32	0.04	0.00729696
435.36	0.04	0.00015983
435.40	0.04	-0.00020559
435.44	0.04	-0.00153594
435.48	0.04	-0.00108256
435.52	0.04	0.00118648
435.56	0.04	0.00365051
435.60	0.04	0.00484730
435.64	0.04	0.00106157
435.68	0.04	0.00123038
435.72	0.04	0.00106958
435.76	0.04	0.00116303
435.80	0.04	0.00001700
435.84	0.04	0.00000281
435.88	0.04	-0.00133297
435.92	0.04	0.00070289
435.96	0.04	-0.00284114
436.00	0.04	-0.00187541
436.04	0.04	0.00179971
436.08	0.04	0.00338562
436.12	0.04	0.00500444
436.16	0.04	0.00336967
436.20	0.04	-0.00192198
436.24	0.04	-0.00205694
436.28	0.04	-0.00332107
436.32	0.04	-0.00320153
436.36	0.04	0.00376896
436.40	0.04	0.00701835
436.44	0.04	0.00542856
436.48	0.04	-0.00225585
436.52	0.04	0.00572152
436.56	0.04	0.00557345
436.60	0.04	0.00645661
436.64	0.04	0.00359974
436.68	0.04	-0.00177282
436.72	0.04	-0.00255150
436.76	0.04	-0.00431351
436.80	0.04	0.00114828
436.84	0.04	0.00289248
436.88	0.04	-0.00404634
436.92	0.04	0.00550844
436.96	0.04	-0.00225071
437.00	0.04	0.00214855
437.04	0.04	0.00405829
437.08	0.04	-0.00321117
437.12	0.04	-0.01767103
437.16	0.04	-0.00485175
437.20	0.04	-0.01223138
437.24	0.04	-0.01402693
437.28	0.04	-0.02193285
437.32	0.04	-0.01155086
437.36	0.04	-0.00474541
437.40	0.04	-0.00669325
437.44	0.04	-0.01381646
437.48	0.04	0.00397702
437.52	0.04	0.00293208
437.56	0.04	0.00060516
437.60	0.04	-0.00426220
437.64	0.04	-0.00096099
437.68	0.04	0.00696681
437.72	0.04	0.00323286
437.76	0.04	-0.01067703
437.80	0.04	-0.00608164
437.84	0.04	-0.00473663
437.88	0.04	0.00380436
437.92	0.04	0.01184148
437.96	0.04	0.01280663
438.00	0.04	0.00555097
438.04	0.04	0.00311456
438.08	0.04	0.01130547
438.12	0.04	0.00375476
438.16	0.04	-0.00178371
438.20	0.04	-0.00323015
438.24	0.04	0.00082553
438.28	0.04	0.00437786
438.32	0.04	-0.00093760
438.36	0.04	0.00950286
438.40	0.04	0.00373441
438.44	0.04	0.00608561
438.48	0.04	0.00091240
438.52	0.04	0.00403124
438.56	0.04	0.01022937
438.60	0.04	0.01303855
438.64	0.04	-0.00304180
438.68	0.04	0.00647247
438.72	0.04	0.01072124
438.76	0.04	0.01508743
438.80	0.04	0.01645006
438.84	0.04	0.00456242
438.88	0.04	0.00600483
438.92	0.04	-0.00101617
438.96	0.04	0.00558372
439.00	0.04	0.01163855
439.04	0.04	0.00805535
439.08	0.04	0.01108086
439.12	0.04	0.00464705
439.16	0.04	0.00522995
439.20	0.04	0.00539131
439.24	0.04	0.00585109
439.28	0.04	-0.00175040
439.32	0.04	0.00163371
439.36	0.04	0.00092710
439.40	0.04	0.00203447
439.44	0.04	-0.00913462
439.48	0.04	0.00753824
439.52	0.04	0.00595551
439.56	0.04	0.00250645
439.60	0.04	0.00629233
439.64	0.04	0.00067659
439.68	0.04	-0.00004764
439.72	0.04	-0.00059537
439.76	0.04	-0.00498071
439.80	0.04	-0.00173113
439.84	0.04	-0.00497504
439.88	0.04	-0.00529436
439.92	0.04	0.00247983
439.96	0.04	0.00251257
440.00	0.04	-0.00220135
440.04	0.04	0.00263849
440.08	0.04	0.00337602
440.12	0.04	0.00309896
440.16	0.04	0.00866993
440.20	0.04	0.00781846
440.24	0.04	0.01129036
440.28	0.04	0.00239620
440.32	0.04	-0.00517205
440.36	0.04	0.00220325
440.40	0.04	-0.00452336
440.44	0.04	-0.00399454
440.48	0.04	-0.00016444
440.52	0.04	0.00147047
440.56	0.04	0.00154034
440.60	0.04	-0.00023914
440.64	0.04	-0.00391920
440.68	0.04	-0.00489909
440.72	0.04	-0.00283229
440.76	0.04	-0.00435777
440.80	0.04	-0.00162597
440.84	0.04	-0.00226036
440.88	0.04	-0.00163122
440.92	0.04	-0.00070278
440.96	0.04	-0.00145359
441.00	0.04	-0.00076802
441.04	0.04	-0.00404539
441.08	0.04	0.00286069
441.12	0.04	0.00374429
441.16	0.04	-0.00107528
441.20	0.04	-0.00212413
441.24	0.04	0.00403553
441.28	0.04	0.01093301
441.32	0.04	0.00769734
441.36	0.04	0.00341953
441.40	0.04	-0.00148007
441.44	0.04	-0.00601568
441.48	0.04	-0.00357325
441.52	0.04	0.00598573
441.56	0.04	0.00238284
441.60	0.04	-0.00462536
441.64	0.04	-0.00789891
441.68	0.04	0.00206512
441.72	0.04	0.00056105
441.76	0.04	-0.00118772
441.80	0.04	0.00642070
441.84	0.04	-0.00217106
441.88	0.04	-0.00022183
441.92	0.04	0.00391653
441.96	0.04	-0.00032706
442.00	0.04	0.00546781
442.04	0.04	0.00614438
442.08	0.04	0.00257537
442.12	0.04	0.00325672
442.16	0.04	0.00293027
442.20	0.04	-0.00020046
442.24	0.04	0.00137631
442.28	0.04	0.00328050
442.32	0.04	0.00354608
442.36	0.04	0.00112788
442.40	0.04	0.00004329
442.44	0.04	-0.00035366
442.48	0.04	0.00677050
442.52	0.04	0.00227131
442.56	0.04	-0.00495421
442.60	0.04	-0.00171878
442.64	0.04	0.00405057
442.68	0.04	0.00426173
442.72	0.04	0.00406144
442.76	0.04	0.01760638
442.80	0.04	0.01018099
442.84	0.04	-0.00733908
442.88	0.04	-0.00043236
442.92	0.04	0.00381386
442.96	0.04	0.00252497
443.00	0.04	-0.00171792
443.04	0.04	-0.00845210
443.08	0.04	-0.00174703
443.12	0.04	0.00102147
443.16	0.04	0.00064766
443.20	0.04	-0.00098365
443.24	0.04	0.00393288
443.28	0.04	0.00096050
443.32	0.04	0.00288745
443.36	0.04	0.00394268
443.40	0.04	0.00000657
443.44	0.04	0.00189655
443.48	0.04	-0.00272354
443.52	0.04	-0.00260029
443.56	0.04	0.00264422
443.60	0.04	0.00656778
443.64	0.04	0.00640777
443.68	0.04	0.00719990
443.72	0.04	0.00400114
443.76	0.04	0.00017032
443.80	0.04	0.00293070
443.84	0.04	0.00165108
443.88	0.04	0.00439884
443.92	0.04	0.00367905
443.96	0.04	0.00029351
444.00	0.04	-0.00159824
444.04	0.04	0.00360044
444.08	0.04	0.00398381
444.12	0.04	-0.00076440
444.16	0.04	0.00889275
444.20	0.04	0.00336314
444.24	0.04	-0.00249854
444.28	0.04	0.00352959
444.32	0.04	0.00294842
444.36	0.04	-0.00009152
444.40	0.04	0.00303479
444.44	0.04	-0.00184973
444.48	0.04	0.00293057
444.52	0.04	0.00052073
444.56	0.04	-0.00059063
444.60	0.04	-0.00241653
444.64	0.04	0.00230823
444.68	0.04	0.00173245
444.72	0.04	0.00341247
444.76	0.04	-0.00123306
444.80	0.04	-0.00639417
444.84	0.04	0.00067784
444.88	0.04	0.00567483
444.92	0.04	0.00430627
444.96	0.04	-0.00412467
445.00	0.04	0.00233331
445.04	0.04	-0.00090169
445.08	0.04	0.00134567
445.12	0.04	-0.00283636
445.16	0.04	-0.00190781
445.20	0.04	-0.00136109
445.24	0.04	0.00120903
445.28	0.04	0.00366954
445.32	0.04	-0.00118294
445.36	0.04	-0.00109025
445.40	0.04	0.00282294
445.44	0.04	0.00978431
445.48	0.04	0.00278324
445.52	0.04	0.00131155
445.56	0.04	0.00171644
445.60	0.04	-0.00046135
445.64	0.04	0.00252552
445.68	0.04	-0.00648894
445.72	0.04	-0.00514942
445.76	0.04	-0.00039911
445.80	0.04	-0.00283770
445.84	0.04	0.00354365
445.88	0.04	0.00624962
445.92	0.04	0.00129775
445.96	0.04	0.00311936
446.00	0.04	-0.00206004
446.04	0.04	-0.00148035
446.08	0.04	-0.00016024
446.12	0.04	-0.00266610
446.16	0.04	-0.00082874
446.20	0.04	-0.00164809
446.24	0.04	0.00006283
446.28	0.04	0.00027518
446.32	0.04	-0.00215924
446.36	0.04	-0.00212848
446.40	0.04	0.00290388
446.44	0.04	-0.00162543
446.48	0.04	0.00033115
446.52	0.04	0.00644646
446.56	0.04	0.00388885
446.60	0.04	0.00828331
446.64	0.04	0.00761560
446.68	0.04	0.00561726
446.72	0.04	0.00584238
446.76	0.04	0.00227899
446.80	0.04	-0.00464051
446.84	0.04	0.00052337
446.88	0.04	0.00259685
446.92	0.04	0.00555742
446.96	0.04	0.00511681
447.00	0.04	0.00140498
447.04	0.04	-0.00303316
447.08	0.04	0.00121174
447.12	0.04	0.00166558
447.16	0.04	0.00119473
447.20	0.04	0.00012283
447.24	0.04	-0.00102902
447.28	0.04	0.00033744
447.32	0.04	-0.00026978
447.36	0.04	-0.00038752
447.40	0.04	0.00270310
447.44	0.04	0.00699994
447.48	0.04	0.00909667
447.52	0.04	0.00240731
447.56	0.04	-0.00058307
447.60	0.04	-0.00027522
447.64	0.04	-0.00118050
447.68	0.04	0.00170156
447.72	0.04	-0.00083502
447.76	0.04	-0.00332396
447.80	0.04	0.00076265
447.84	0.04	0.00019222
447.88	0.04	0.00218822
447.92	0.04	-0.00151953
447.96	0.04	-0.00037209
448.00	0.04	0.00019204
448.04	0.04	0.00165361
448.08	0.04	0.00159018
448.12	0.04	-0.00037268
448.16	0.04	0.00271112
448.20	0.04	0.00504639
448.24	0.04	0.00632687
448.28	0.04	0.00468635
448.32	0.04	0.00073712
448.36	0.04	0.00024857
448.40	0.04	0.00598651
448.44	0.04	0.00697642
448.48	0.04	0.00695373
448.52	0.04	0.00135285
448.56	0.04	0.00303313
448.60	0.04	-0.00030046
448.64	0.04	-0.00426477
448.68	0.04	-0.00344353
448.72	0.04	-0.00661477
448.76	0.04	0.00084904
448.80	0.04	0.00269115
448.84	0.04	-0.00140673
448.88	0.04	0.00280289
448.92	0.04	-0.00180145
448.96	0.04	0.00130470
449.00	0.04	-0.00705874
449.04	0.04	-0.00316919
449.08	0.04	0.00079764
449.12	0.04	0.00775298
449.16	0.04	-0.00008428
449.20	0.04	0.00189728
449.24	0.04	-0.00303764
449.28	0.04	-0.00005521
449.32	0.04	0.00112743
449.36	0.04	-0.00127785
449.40	0.04	0.00007588
449.44	0.04	0.00009247
449.48	0.04	0.00036765
449.52	0.04	0.00442248
449.56	0.04	0.00749514
449.60	0.04	0.00946360
449.64	0.04	0.00716511
449.68	0.04	-0.00078614
449.72	0.04	-0.00147672
449.76	0.04	0.00036918
449.80	0.04	0.00784109
449.84	0.04	0.00132583
449.88	0.04	-0.00191289
449.92	0.04	0.00031274
449.96	0.04	0.00110584
450.00	0.04	-0.00444879
450.04	0.04	0.00169387
450.08	0.04	0.00052054
450.12	0.04	-0.00379535
450.16	0.04	-0.00143485
450.20	0.04	0.00404645
450.24	0.04	-0.00521082
450.28	0.04	0.00268335
450.32	0.04	-0.00141551
450.36	0.04	0.00266677
450.40	0.04	-0.00177356
450.44	0.04	0.00045282
450.48	0.04	-0.00117825
450.52	0.04	0.00094196
450.56	0.04	0.00393057
450.60	0.04	0.00152862
450.64	0.04	-0.00415801
450.68	0.04	0.00039910
450.72	0.04	0.00067271
450.76	0.04	0.00612357
450.80	0.04	0.00550143
450.84	0.04	-0.00169783
450.88	0.04	0.00125789
450.92	0.04	0.00128588
450.96	0.04	0.00272924
451.00	0.04	0.00101889
451.04	0.04	0.00269503
451.08	0.04	-0.00390691
451.12	0.04	-0.00009470
451.16	0.04	0.00301912
451.20	0.04	0.00130251
451.24	0.04	0.00601976
451.28	0.04	0.00692248
451.32	0.04	0.00871032
451.36	0.04	0.00311531
451.40	0.04	0.00681719
451.44	0.04	0.00310175
451.48	0.04	0.00404886
451.52	0.04	0.00368350
451.56	0.04	0.00374552
451.60	0.04	0.00487343
451.64	0.04	0.00844277
451.68	0.04	0.00925853
451.72	0.04	0.00262582
451.76	0.04	0.00162731
451.80	0.04	-0.00037413
451.84	0.04	-0.00178620
451.88	0.04	0.00119212
451.92	0.04	0.00240494
451.96	0.04	-0.00149882
452.00	0.04	0.00112154
452.04	0.04	0.00220026
452.08	0.04	0.00157505
452.12	0.04	0.00038005
452.16	0.04	0.00042512
452.20	0.04	-0.00287824
452.24	0.04	-0.00303590
452.28	0.04	-0.00061328
452.32	0.04	-0.00070512
452.36	0.04	0.00075461
452.40	0.04	0.00023852
452.44	0.04	-0.00103950
452.48	0.04	-0.00118935
452.52	0.04	0.00015068
452.56	0.04	0.00011226
452.60	0.04	-0.00017928
452.64	0.04	0.00030551
452.68	0.04	0.00304088
452.72	0.04	-0.00035263
452.76	0.04	-0.00414222
452.80	0.04	0.00062719
452.84	0.04	-0.00131484
452.88	0.04	0.00067613
452.92	0.04	-0.00017433
452.96	0.04	0.00103421
453.00	0.04	0.00053299
453.04	0.04	-0.00260616
453.08	0.04	-0.00274066
453.12	0.04	-0.00203755
453.16	0.04	-0.00115274
453.20	0.04	-0.00151165
453.24	0.04	-0.00506270
453.28	0.04	-0.00028050
453.32	0.04	0.00173021
453.36	0.04	0.00127219
453.40	0.04	0.00134508
453.44	0.04	0.00009986
453.48	0.04	-0.00220219
453.52	0.04	-0.00084068
453.56	0.04	-0.00034173
453.60	0.04	-0.00139924
453.64	0.04	-0.00349461
453.68	0.04	0.00003537
453.72	0.04	-0.00032441
453.76	0.04	0.00111929
453.80	0.04	0.00194114
453.84	0.04	0.00421652
453.88	0.04	0.00475222
453.92	0.04	-0.00753420
453.96	0.04	-0.01763485
454.00	0.04	-0.00473366
454.04	0.04	0.00621412
454.08	0.04	0.00141213
454.12	0.04	-0.00087383
454.16	0.04	-0.00180056
454.20	0.04	-0.00010741
454.24	0.04	-0.00124151
454.28	0.04	-0.00198563
454.32	0.04	0.00144600
454.36	0.04	0.00137916
454.40	0.04	-0.00042091
454.44	0.04	0.00196484
454.48	0.04	-0.00002768
454.52	0.04	-0.00207545
454.56	0.04	-0.00001409
454.60	0.04	0.00022679
454.64	0.04	-0.00317874
454.68	0.04	-0.00012740
454.72	0.04	-0.00329069
454.76	0.04	-0.00609143
454.80	0.04	-0.00236290
454.84	0.04	-0.00201963
454.88	0.04	-0.00036436
454.92	0.04	0.00157956
454.96	0.04	0.00007510
455.00	0.04	-0.00261817
455.04	0.04	-0.00250182
455.08	0.04	0.00013889
455.12	0.04	-0.00054535
455.16	0.04	-0.00185813
455.20	0.04	-0.00092608
455.24	0.04	0.00033090
455.28	0.04	0.00166496
455.32	0.04	-0.00146503
455.36	0.04	-0.00116648
455.40	0.04	-0.00174066
455.44	0.04	-0.00261258
455.48	0.04	-0.00139011
455.52	0.04	-0.00206194
455.56	0.04	-0.00051119
455.60	0.04	0.00242036
455.64	0.04	-0.00130088
455.68	0.04	0.00003188
455.72	0.04	-0.00105148
455.76	0.04	0.00110951
455.80	0.04	0.00027021
455.84	0.04	0.00132947
455.88	0.04	0.00222955
455.92	0.04	0.00123519
455.96	0.04	0.00261875
456.00	0.04	-0.00091852
456.04	0.04	0.00026432
456.08	0.04	0.00261285
456.12	0.04	-0.00060274
456.16	0.04	-0.00057046
456.20	0.04	0.00054253
456.24	0.04	-0.00008869
456.28	0.04	-0.00042821
456.32	0.04	-0.00233209
456.36	0.04	0.00041610
456.40	0.04	0.00647456
456.44	0.04	-0.00101569
456.48	0.04	0.00092692
456.52	0.04	0.00161433
456.56	0.04	-0.00092151
456.60	0.04	0.00137008
456.64	0.04	-0.00190322
456.68	0.04	-0.00018955
456.72	0.04	-0.00180469
456.76	0.04	0.00303042
456.80	0.04	0.00238095
456.84	0.04	-0.00233851
456.88	0.04	0.00180170
456.92	0.04	0.00128954
456.96	0.04	0.00200229
457.00	0.04	-0.00235706
457.04	0.04	-0.00469085
457.08	0.04	0.00092557
457.12	0.04	0.00180231
457.16	0.04	-0.00203072
457.20	0.04	0.00575786
457.24	0.04	0.00458869
457.28	0.04	0.00489731
457.32	0.04	0.00679848
457.36	0.04	0.00780436
457.40	0.04	0.00464576
457.44	0.04	0.00178049
457.48	0.04	0.00080035
457.52	0.04	-0.00079416
457.56	0.04	0.00032156
457.60	0.04	0.00214313
457.64	0.04	0.00187414
457.68	0.04	-0.00096983
457.72	0.04	0.00006538
457.76	0.04	0.00251773
457.80	0.04	-0.00000653
457.84	0.04	-0.00458970
457.88	0.04	-0.00080423
457.92	0.04	-0.00153044
457.96	0.04	-0.00053889
458.00	0.04	0.00145818
458.04	0.04	-0.00010461
458.08	0.04	-0.00228878
458.12	0.04	0.00125549
458.16	0.04	-0.00050251
458.20	0.04	0.00244820
458.24	0.04	0.00042912
458.28	0.04	0.00232928
458.32	0.04	0.00135569
458.36	0.04	0.00091509
458.40	0.04	-0.00120360
458.44	0.04	0.00045107
458.48	0.04	-0.00051505
458.52	0.04	-0.00269083
458.56	0.04	0.00174165
458.60	0.04	0.00206119
458.64	0.04	-0.00020200
458.68	0.04	-0.00041983
458.72	0.04	0.00065893
458.76	0.04	-0.00034581
458.80	0.04	-0.00079815
458.84	0.04	-0.00003432
458.88	0.04	-0.00495128
458.92	0.04	-0.00046812
458.96	0.04	-0.00412047
459.00	0.04	-0.00369294
459.04	0.04	-0.00406165
459.08	0.04	0.00042878
459.12	0.04	-0.00127929
459.16	0.04	-0.00074698
459.20	0.04	0.00064993
459.24	0.04	-0.00343628
459.28	0.04	-0.00431572
459.32	0.04	-0.00183330
459.36	0.04	0.00210378
459.40	0.04	0.00180381
459.44	0.04	-0.00069406
459.48	0.04	0.00086773
459.52	0.04	0.00091403
459.56	0.04	0.00242598
459.60	0.04	-0.00116659
459.64	0.04	0.00265105
459.68	0.04	0.00235811
459.72	0.04	0.00158176
459.76	0.04	-0.00181768
459.80	0.04	0.00133013
459.84	0.04	0.00079935
459.88	0.04	-0.00126613
459.92	0.04	-0.00039164
459.96	0.04	-0.00140513
460.00	0.04	-0.00270496
460.04	0.04	0.00161051
460.08	0.04	0.00557411
460.12	0.04	0.00217399
460.16	0.04	0.00149479
460.20	0.04	-0.00238720
460.24	0.04	0.00084596
460.28	0.04	-0.00274714
460.32	0.04	-0.00060121
460.36	0.04	-0.00012826
460.40	0.04	-0.00120133
460.44	0.04	-0.00104158
460.48	0.04	0.00230974
460.52	0.04	0.00006580
460.56	0.04	0.00425712
460.60	0.04	0.00591263
460.64	0.04	0.00382143
460.68	0.04	-0.00074463
460.72	0.04	0.00377903
460.76	0.04	0.00031744
460.80	0.04	0.00246694
460.84	0.04	0.00596069
460.88	0.04	-0.00432004
460.92	0.04	0.00287431
460.96	0.04	-0.00131548
461.00	0.04	-0.00038009
461.04	0.04	0.00284022
461.08	0.04	-0.00057161
461.12	0.04	-0.00262447
461.16	0.04	-0.00083902
461.20	0.04	-0.00022070
461.24	0.04	-0.00860571
461.28	0.04	-0.00740434
461.32	0.04	-0.00415406
461.36	0.04	-0.00491486
461.40	0.04	-0.00034761
461.44	0.04	0.00092860
461.48	0.04	-0.00264817
461.52	0.04	-0.00750222
461.56	0.04	-0.00679004
461.60	0.04	0.00117804
461.64	0.04	0.00182311
461.68	0.04	-0.00019978
461.72	0.04	-0.00189953
461.76	0.04	-0.00013225
461.80	0.04	-0.00011288
461.84	0.04	0.00221315
461.88	0.04	0.00217126
461.92	0.04	-0.00024940
461.96	0.04	0.00037213
462.00	0.04	0.00519753
462.04	0.04	0.00911097
462.08	0.04	0.00736070
462.12	0.04	0.00127449
462.16	0.04	-0.00194145
462.20	0.04	0.00477245
462.24	0.04	0.00510526
462.28	0.04	0.00078077
462.32	0.04	0.00634751
462.36	0.04	0.01157866
462.40	0.04	0.00823552
462.44	0.04	0.00078945
462.48	0.04	0.00045333
462.52	0.04	0.00405585
462.56	0.04	0.00772581
462.60	0.04	0.00672897
462.64	0.04	-0.00473616
462.68	0.04	-0.00297004
462.72	0.04	0.00409261
462.76	0.04	0.00295877
462.80	0.04	0.00273732
462.84	0.04	0.00294746
462.88	0.04	0.00315689
462.92	0.04	0.00614299
462.96	0.04	0.00315865
463.00	0.04	0.00121976
463.04	0.04	0.00254116
463.08	0.04	0.00133701
463.12	0.04	-0.00094031
463.16	0.04	0.00154491
463.20	0.04	0.00356895
463.24	0.04	0.00153308
463.28	0.04	0.00008432
463.32	0.04	-0.00323646
463.36	0.04	-0.00163096
463.40	0.04	0.00291290
463.44	0.04	0.00264315
463.48	0.04	0.00113655
463.52	0.04	0.00077003
463.56	0.04	-0.00083659
463.60	0.04	-0.00003850
463.64	0.04	0.00268312
463.68	0.04	0.00287259
463.72	0.04	0.00285942
463.76	0.04	0.00137138
463.80	0.04	-0.00172077
463.84	0.04	-0.00596801
463.88	0.04	-0.00216739
463.92	0.04	0.00025474
463.96	0.04	-0.00018091
464.00	0.04	-0.00159409
464.04	0.04	-0.00144870
464.08	0.04	-0.00220212
464.12	0.04	0.00297052
464.16	0.04	-0.00265644
464.20	0.04	0.00235434
464.24	0.04	0.00066279
464.28	0.04	-0.00161602
464.32	0.04	-0.00136285
464.36	0.04	-0.00232607
464.40	0.04	0.00177213
464.44	0.04	-0.00045206
464.48	0.04	-0.00219889
464.52	0.04	-0.00157455
464.56	0.04	-0.00108178
464.60	0.04	0.00140065
464.64	0.04	-0.00045794
464.68	0.04	0.00236285
464.72	0.04	0.00401112
464.76	0.04	0.00219867
464.80	0.04	0.00373013
464.84	0.04	0.00160900
464.88	0.04	-0.00275168
464.92	0.04	-0.00398256
464.96	0.04	-0.00396837
465.00	0.04	0.00002982
465.04	0.04	0.00089788
465.08	0.04	0.00082266
465.12	0.04	0.00116132
465.16	0.04	0.00136279
465.20	0.04	-0.00063618
465.24	0.04	-0.00036104
465.28	0.04	0.00432901
465.32	0.04	-0.00013307
465.36	0.04	-0.00003640
465.40	0.04	-0.00090923
465.44	0.04	-0.00034527
465.48	0.04	0.00443835
465.52	0.04	0.00266720
465.56	0.04	0.00051887
465.60	0.04	0.00035077
465.64	0.04	0.00045325
465.68	0.04	0.00100236
465.72	0.04	0.00398781
465.76	0.04	0.00352664
465.80	0.04	-0.00090102
465.84	0.04	-0.00433541
465.88	0.04	-0.00156793
465.92	0.04	0.00044962
465.96	0.04	-0.00163229
466.00	0.04	0.00243733
466.04	0.04	0.00432676
466.08	0.04	-0.00087763
466.12	0.04	-0.00127181
466.16	0.04	0.00146752
466.20	0.04	0.00291805
466.24	0.04	0.00070811
466.28	0.04	0.00043296
466.32	0.04	0.00507973
466.36	0.04	0.00400665
466.40	0.04	0.00240709
466.44	0.04	0.00690174
466.48	0.04	0.00538561
466.52	0.04	0.00366261
466.56	0.04	0.00115964
466.60	0.04	0.00143136
466.64	0.04	0.00137998
466.68	0.04	-0.00133374
466.72	0.04	-0.00210488
466.76	0.04	0.00001024
466.80	0.04	0.00174107
466.84	0.04	0.00213876
466.88	0.04	-0.00234000
466.92	0.04	-0.00184298
466.96	0.04	0.00002598
467.00	0.04	0.00124624
467.04	0.04	0.00047571
467.08	0.04	-0.00011213
467.12	0.04	-0.00095216
467.16	0.04	0.00046177
467.20	0.04	0.00098655
467.24	0.04	0.00038249
467.28	0.04	0.00001032
467.32	0.04	0.00020961
467.36	0.04	0.00071206
467.40	0.04	0.00269667
467.44	0.04	0.00090297
467.48	0.04	0.00487557
467.52	0.04	0.00333993
467.56	0.04	0.00301492
467.60	0.04	0.00178557
467.64	0.04	0.00031142
467.68	0.04	-0.00214677
467.72	0.04	-0.00202064
467.76	0.04	-0.00276536
467.80	0.04	-0.00047623
467.84	0.04	-0.00126739
467.88	0.04	-0.00374683
467.92	0.04	0.00046084
467.96	0.04	-0.00022228
468.00	0.04	-0.00135638
468.04	0.04	-0.00205066
468.08	0.04	-0.00021140
468.12	0.04	-0.00012286
468.16	0.04	-0.00055742
468.20	0.04	0.00004960
468.24	0.04	0.00051355
468.28	0.04	-0.00014536
468.32	0.04	0.00079106
468.36	0.04	0.00226819
468.40	0.04	0.00425556
468.44	0.04	0.00412331
468.48	0.04	0.00231501
468.52	0.04	0.00096139
468.56	0.04	-0.00119374
468.60	0.04	0.00094458
468.64	0.04	0.00332221
468.68	0.04	0.00102201
468.72	0.04	0.00094253
468.76	0.04	-0.00082861
468.80	0.04	0.00101062
468.84	0.04	0.00164163
468.88	0.04	0.00054552
468.92	0.04	0.00199191
468.96	0.04	-0.00018910
469.00	0.04	0.00042281
469.04	0.04	0.00226358
469.08	0.04	0.00109250
469.12	0.04	-0.00094689
469.16	0.04	-0.00173468
469.20	0.04	-0.00087924
469.24	0.04	-0.00241726
469.28	0.04	-0.00083780
469.32	0.04	-0.00089969
469.36	0.04	-0.00340766
469.40	0.04	0.00078093
469.44	0.04	0.00111557
469.48	0.04	-0.00091825
469.52	0.04	-0.00154834
469.56	0.04	0.00038221
469.60	0.04	0.00118245
469.64	0.04	-0.00136665
469.68	0.04	0.00227093
469.72	0.04	0.00092389
469.76	0.04	0.00146877
469.80	0.04	0.00204118
469.84	0.04	0.00448937
469.88	0.04	0.00103990
469.92	0.04	0.00086114
469.96	0.04	0.00057835
470.00	0.04	-0.00121348
470.04	0.04	0.00071306
470.08	0.04	-0.00056548
470.12	0.04	0.00162314
470.16	0.04	0.00271623
470.20	0.04	0.00348997
470.24	0.04	0.00465665
470.28	0.04	0.00331030
470.32	0.04	0.00047322
470.36	0.04	-0.00121173
470.40	0.04	-0.00277755
470.44	0.04	-0.00197478
470.48	0.04	-0.00014486
470.52	0.04	0.00022728
470.56	0.04	-0.00073243
470.60	0.04	0.00328609
470.64	0.04	-0.00157142
470.68	0.04	-0.00358880
470.72	0.04	-0.00446112
470.76	0.04	-0.00133771
470.80	0.04	0.00047652
470.84	0.04	-0.00169224
470.88	0.04	-0.00076732
470.92	0.04	0.00196922
470.96	0.04	-0.00451224
471.00	0.04	-0.00043370
471.04	0.04	-0.00098400
471.08	0.04	0.00166109
471.12	0.04	0.00119109
471.16	0.04	-0.00166270
471.20	0.04	0.00107518
471.24	0.04	0.00298164
471.28	0.04	0.00725228
471.32	0.04	-0.00030290
471.36	0.04	0.00331694
471.40	0.04	0.00113952
471.44	0.04	0.00290890
471.48	0.04	0.00661392
471.52	0.04	0.01080422
471.56	0.04	0.01357392
471.60	0.04	0.00640646
471.64	0.04	-0.00794236
471.68	0.04	-0.00153326
471.72	0.04	0.00160503
471.76	0.04	-0.00269636
471.80	0.04	-0.00476092
471.84	0.04	-0.00428670
471.88	0.04	-0.00915520
471.92	0.04	-0.01074023
471.96	0.04	-0.00940893
472.00	0.04	0.00312366
472.04	0.04	-0.01807887
472.08	0.04	-0.01072404
472.12	0.04	0.00055484
472.16	0.04	0.00459649
472.20	0.04	0.00036049
472.24	0.04	0.00444071
472.28	0.04	0.01113528
472.32	0.04	0.01893857
472.36	0.04	0.01261981
472.40	0.04	0.00851368
472.44	0.04	0.00278020
472.48	0.04	0.00096915
472.52	0.04	-0.00101589
472.56	0.04	0.00064461
472.60	0.04	-0.00443094
472.64	0.04	-0.01475665
472.68	0.04	-0.00634125
472.72	0.04	0.00063763
472.76	0.04	0.00369894
472.80	0.04	0.00388100
472.84	0.04	0.00809203
472.88	0.04	0.00387889
472.92	0.04	0.00497853
472.96	0.04	0.00169421
473.00	0.04	0.00335968
473.04	0.04	0.01065105
473.08	0.04	0.01021932
473.12	0.04	0.01093991
473.16	0.04	-0.00324823
473.20	0.04	-0.00631958
473.24	0.04	-0.00720094
473.28	0.04	-0.00571609
473.32	0.04	-0.00422500
473.36	0.04	-0.00602428
473.40	0.04	-0.00881254
473.44	0.04	-0.00652792
473.48	0.04	-0.00559285
473.52	0.04	-0.00309716
473.56	0.04	0.00116629
473.60	0.04	0.00751309
473.64	0.04	0.00813523
473.68	0.04	0.01201830
473.72	0.04	0.01178405
473.76	0.04	0.00392673
473.80	0.04	0.00711875
473.84	0.04	0.00577839
473.88	0.04	0.00124929
473.92	0.04	-0.00179009
473.96	0.04	-0.00023068
474.00	0.04	0.00463505
474.04	0.04	0.00465132
474.08	0.04	0.00998812
474.12	0.04	0.01012939
474.16	0.04	0.00860835
474.20	0.04	0.00286752
474.24	0.04	0.00294703
474.28	0.04	0.00205139
474.32	0.04	0.00525131
474.36	0.04	0.00951891
474.40	0.04	0.00631596
474.44	0.04	0.00124659
474.48	0.04	-0.00344223
474.52	0.04	-0.00147304
474.56	0.04	-0.00310959
474.60	0.04	-0.00692111
474.64	0.04	0.00024978
474.68	0.04	-0.00182899
474.72	0.04	0.00262450
474.76	0.04	0.00110593
474.80	0.04	0.00249365
474.84	0.04	0.00136729
474.88	0.04	0.00412382
474.92	0.04	0.00136874
474.96	0.04	-0.00262124
475.00	0.04	0.00071807
475.04	0.04	0.00238947
475.08	0.04	-0.00167795
475.12	0.04	0.00081012
475.16	0.04	-0.00000477
475.20	0.04	0.00325459
475.24	0.04	0.00090523
475.28	0.04	0.00034700
475.32	0.04	0.00177629
475.36	0.04	-0.00089472
475.40	0.04	0.00012587
475.44	0.04	0.00238666
475.48	0.04	-0.00087031
475.52	0.04	-0.00060724
475.56	0.04	-0.00012082
475.60	0.04	0.00042959
475.64	0.04	0.00191462
475.68	0.04	0.00229139
475.72	0.04	0.00068313
475.76	0.04	0.00009929
475.80	0.04	0.00079184
475.84	0.04	0.00060850
475.88	0.04	0.00211112
475.92	0.04	0.00125309
475.96	0.04	0.00180749
476.00	0.04	0.00423792
476.04	0.04	-0.00047038
476.08	0.04	-0.00715667
476.12	0.04	-0.00781454
476.16	0.04	-0.00174523
476.20	0.04	0.00307343
476.24	0.04	0.00004083
476.28	0.04	0.00220286
476.32	0.04	0.00315884
476.36	0.04	0.00209497
476.40	0.04	0.00616969
476.44	0.04	-0.00337685
476.48	0.04	-0.00128200
476.52	0.04	-0.00177352
476.56	0.04	-0.00035560
476.60	0.04	-0.00420449
476.64	0.04	0.00166664
476.68	0.04	0.00582580
476.72	0.04	0.00046327
476.76	0.04	0.00835141
476.80	0.04	-0.00232868
476.84	0.04	-0.00849858
476.88	0.04	-0.00172177
476.92	0.04	0.00005794
476.96	0.04	-0.00290935
477.00	0.04	0.00411883
477.04	0.04	0.00026498
477.08	0.04	0.00175722
477.12	0.04	0.00100631
477.16	0.04	-0.00066637
477.20	0.04	0.00005496
477.24	0.04	-0.00245151
477.28	0.04	0.00032046
477.32	0.04	-0.00035061
477.36	0.04	-0.00130425
477.40	0.04	0.00439257
477.44	0.04	0.00844512
477.48	0.04	-0.00015526
477.52	0.04	-0.00045135
477.56	0.04	0.00040028
477.60	0.04	-0.00023855
477.64	0.04	-0.00000972
477.68	0.04	-0.00010865
477.72	0.04	-0.00021016
477.76	0.04	-0.00146525
477.80	0.04	0.00347003
477.84	0.04	-0.00023093
477.88	0.04	-0.00405196
477.92	0.04	0.00114948
477.96	0.04	-0.00655661
478.00	0.04	-0.00410403
478.04	0.04	0.00102415
478.08	0.04	-0.00152493
478.12	0.04	0.00391576
478.16	0.04	0.00275596
478.20	0.04	0.00766547
478.24	0.04	-0.00309296
478.28	0.04	0.00067981
478.32	0.04	-0.00159463
478.36	0.04	0.00308122
478.40	0.04	0.00061792
478.44	0.04	0.00263522
478.48	0.04	-0.00507750
478.52	0.04	-0.00234703
478.56	0.04	0.00040762
478.60	0.04	0.00530222
478.64	0.04	0.00569546
478.68	0.04	0.00038878
478.72	0.04	0.00500056
478.76	0.04	-0.00136492
478.80	0.04	0.00021419
478.84	0.04	0.00161575
478.88	0.04	-0.00056479
478.92	0.04	0.00008672
478.96	0.04	0.00076065
479.00	0.04	-0.00064779
479.04	0.04	-0.00049045
479.08	0.04	-0.00053704
479.12	0.04	0.00138317
479.16	0.04	-0.00021195
479.20	0.04	-0.00156087
479.24	0.04	-0.00032956
479.28	0.04	0.00026787
479.32	0.04	-0.00128956
479.36	0.04	-0.00513924
479.40	0.04	-0.00120116
479.44	0.04	-0.00278816
479.48	0.04	0.00231106
479.52	0.04	0.00348454
479.56	0.04	0.00006150
479.60	0.04	0.00080572
479.64	0.04	-0.00149964
479.68	0.04	-0.00255457
479.72	0.04	-0.00132835
479.76	0.04	-0.00132942
479.80	0.04	-0.00321572
479.84	0.04	0.00239365
479.88	0.04	0.00820714
479.92	0.04	-0.00118280
479.96	0.04	0.00024628
480.00	0.04	-0.00485915
480.04	0.04	-0.00072838
480.08	0.04	-0.00195393
480.12	0.04	-0.00371696
480.16	0.04	-0.00188818
480.20	0.04	0.00069192
480.24	0.04	-0.00262716
480.28	0.04	-0.00435474
480.32	0.04	-0.00582278
480.36	0.04	-0.00305863
480.40	0.04	-0.00106977
480.44	0.04	0.00061267
480.48	0.04	-0.00348109
480.52	0.04	-0.00626201
480.56	0.04	-0.00285965
480.60	0.04	-0.00213213
480.64	0.04	0.00265325
480.68	0.04	-0.00015577
480.72	0.04	0.00165911
480.76	0.04	-0.00605632
480.80	0.04	0.00439110
480.84	0.04	-0.00710026
480.88	0.04	-0.00488822
480.92	0.04	-0.00057360
480.96	0.04	-0.00518440
481.00	0.04	-0.00832918
481.04	0.04	-0.01658098
481.08	0.04	-0.00679604
481.12	0.04	-0.00814236
481.16	0.04	-0.00261168
481.20	0.04	-0.00519129
481.24	0.04	-0.00491504
481.28	0.04	-0.00734930
481.32	0.04	-0.00171673
481.36	0.04	0.00152400
481.40	0.04	-0.00172120
481.44	0.04	-0.00487929
481.48	0.04	-0.00473060
481.52	0.04	-0.00158770
481.56	0.04	-0.00226157
481.60	0.04	0.00425409
481.64	0.04	0.01006344
481.68	0.04	0.00977345
481.72	0.04	0.00841931
481.76	0.04	-0.01100607
481.80	0.04	-0.01333742
481.84	0.04	-0.01301060
481.88	0.04	-0.00497447
481.92	0.04	0.00111195
481.96	0.04	-0.01041384
482.00	0.04	-0.00431319
482.04	0.04	-0.00065833
482.08	0.04	0.00124151
482.12	0.04	0.00170481
482.16	0.04	-0.00232606
482.20	0.04	0.00591517
482.24	0.04	0.00664937
482.28	0.04	0.00676038
482.32	0.04	0.00925817
482.36	0.04	0.00789047
482.40	0.04	0.01235317
482.44	0.04	0.00418021
482.48	0.04	-0.00625076
482.52	0.04	-0.00464822
482.56	0.04	-0.00207819
482.60	0.04	-0.00198032
482.64	0.04	-0.00124066
482.68	0.04	-0.00234500
482.72	0.04	-0.00776327
482.76	0.04	-0.00786352
482.80	0.04	-0.01156818
482.84	0.04	-0.00768383
482.88	0.04	0.00242064
482.92	0.04	-0.00131722
482.96	0.04	0.00049352
483.00	0.04	0.00330638
483.04	0.04	-0.00368453
483.08	0.04	0.00116483
483.12	0.04	-0.00479951
483.16	0.04	-0.00611116
483.20	0.04	-0.00587120
483.24	0.04	-0.00476771
483.28	0.04	-0.00389138
483.32	0.04	-0.00330651
483.36	0.04	-0.00323204
483.40	0.04	-0.00178090
483.44	0.04	0.00353255
483.48	0.04	0.01138564
483.52	0.04	0.00485707
483.56	0.04	0.00172662
483.60	0.04	0.00258729
483.64	0.04	0.00156918
483.68	0.04	-0.00562599
483.72	0.04	-0.00597776
483.76	0.04	-0.00105671
483.80	0.04	-0.00316416
483.84	0.04	-0.00427476
483.88	0.04	0.00055116
483.92	0.04	-0.00125057
483.96	0.04	0.00579108
484.00	0.04	0.00630489
484.04	0.04	0.00202171
484.08	0.04	0.00223164
484.12	0.04	0.00373863
484.16	0.04	0.00580529
484.20	0.04	0.00308673
484.24	0.04	-0.00052518
484.28	0.04	-0.00517406
484.32	0.04	-0.00066099
484.36	0.04	-0.00154595
484.40	0.04	0.00274248
484.44	0.04	0.00728027
484.48	0.04	-0.00257652
484.52	0.04	-0.00117372
484.56	0.04	0.00470306
484.60	0.04	-0.00026576
484.64	0.04	0.00112499
484.68	0.04	0.00416199
484.72	0.04	0.00381284
484.76	0.04	0.00458323
484.80	0.04	0.00038958
484.84	0.04	-0.00226436
484.88	0.04	-0.00486287
484.92	0.04	-0.00129185
484.96	0.04	-0.00437016
485.00	0.04	-0.00923921
485.04	0.04	-0.00496070
485.08	0.04	-0.00351363
485.12	0.04	-0.00298101
485.16	0.04	0.00107556
485.20	0.04	0.00707757
485.24	0.04	0.00066630
485.28	0.04	0.00120582
485.32	0.04	0.00091707
485.36	0.04	0.00606575
485.40	0.04	0.00060765
485.44	0.04	-0.00518613
485.48	0.04	-0.00123694
485.52	0.04	0.00251068
485.56	0.04	0.00201786
485.60	0.04	0.00344957
485.64	0.04	0.00341814
485.68	0.04	0.01026217
485.72	0.04	0.00624651
485.76	0.04	-0.00168644
485.80	0.04	0.00839721
485.84	0.04	-0.00133656
485.88	0.04	0.00083124
485.92	0.04	-0.00429328
485.96	0.04	-0.00041167
486.00	0.04	0.00538892
486.04	0.04	0.00452383
486.08	0.04	-0.00080852
486.12	0.04	0.00200435
486.16	0.04	0.00007704
486.20	0.04	0.00194656
486.24	0.04	0.00068801
486.28	0.04	0.00556211
486.32	0.04	0.00292282
486.36	0.04	0.00109574
486.40	0.04	0.00001515
486.44	0.04	0.00011545
486.48	0.04	0.00011077
486.52	0.04	-0.00102733
486.56	0.04	0.00432882
486.60	0.04	-0.00065631
486.64	0.04	0.00078854
486.68	0.04	0.00481744
486.72	0.04	0.00225217
486.76	0.04	0.00118407
486.80	0.04	0.00249764
486.84	0.04	0.00077136
486.88	0.04	-0.00131630
486.92	0.04	0.00037575
486.96	0.04	0.00501874
487.00	0.04	0.00085350
487.04	0.04	0.01028844
487.08	0.04	0.01024238
487.12	0.04	0.01523359
487.16	0.04	0.00744848
487.20	0.04	0.00780245
487.24	0.04	0.01224635
487.28	0.04	0.00332092
487.32	0.04	0.00312731
487.36	0.04	0.00210583
487.40	0.04	0.00027329
487.44	0.04	0.00008928
487.48	0.04	-0.00077790
487.52	0.04	0.00132497
487.56	0.04	0.00169721
487.60	0.04	0.00115942
487.64	0.04	0.00092938
487.68	0.04	0.00313442
487.72	0.04	0.00040876
487.76	0.04	-0.00251449
487.80	0.04	-0.00171528
487.84	0.04	-0.00113949
487.88	0.04	0.00415139
487.92	0.04	0.00337991
487.96	0.04	0.00253213
488.00	0.04	0.00073671
488.04	0.04	0.00161030
488.08	0.04	-0.00215871
488.12	0.04	-0.00196897
488.16	0.04	0.00046265
488.20	0.04	-0.00002376
488.24	0.04	0.00265195
488.28	0.04	0.00468428
488.32	0.04	0.00106937
488.36	0.04	-0.00059085
488.40	0.04	-0.00470192
488.44	0.04	0.00236959
488.48	0.04	0.00164068
488.52	0.04	0.00467851
488.56	0.04	-0.00034175
488.60	0.04	-0.00168910
488.64	0.04	-0.00196271
488.68	0.04	0.00093678
488.72	0.04	0.00189589
488.76	0.04	-0.00098986
488.80	0.04	0.00016289
488.84	0.04	-0.00771841
488.88	0.04	0.00159140
488.92	0.04	-0.00772084
488.96	0.04	-0.00918260
489.00	0.04	0.00178717
489.04	0.04	0.00065864
489.08	0.04	-0.00237753
489.12	0.04	-0.00095408
489.16	0.04	0.00019106
489.20	0.04	0.00526456
489.24	0.04	-0.00375754
489.28	0.04	-0.00407407
489.32	0.04	-0.00057748
489.36	0.04	-0.00484512
489.40	0.04	-0.00601732
489.44	0.04	0.00001542
489.48	0.04	-0.00514312
489.52	0.04	-0.00166875
489.56	0.04	-0.00041178
489.60	0.04	-0.00179270
489.64	0.04	0.00225108
489.68	0.04	0.00254840
489.72	0.04	0.00323161
489.76	0.04	0.00443486
489.80	0.04	0.00114939
489.84	0.04	0.00221245
489.88	0.04	-0.00291167
489.92	0.04	-0.00236237
489.96	0.04	-0.00154280
490.00	0.04	-0.00279725
490.04	0.04	0.00286481
490.08	0.04	0.00532087
490.12	0.04	0.00455567
490.16	0.04	-0.00398548
490.20	0.04	-0.00230627
490.24	0.04	-0.00510372
490.28	0.04	-0.00239119
490.32	0.04	-0.00175078
490.36	0.04	-0.00243131
490.40	0.04	-0.00162045
490.44	0.04	-0.00317274
490.48	0.04	-0.00337884
490.52	0.04	-0.00234735
490.56	0.04	-0.00029498
490.60	0.04	-0.00075231
490.64	0.04	0.00102686
490.68	0.04	-0.00231771
490.72	0.04	-0.00058203
490.76	0.04	-0.00101227
490.80	0.04	-0.00299842
490.84	0.04	0.00050674
490.88	0.04	-0.00033639
490.92	0.04	0.00251748
490.96	0.04	0.00341476
491.00	0.04	-0.00411473
491.04	0.04	0.00681458
491.08	0.04	0.00128238
491.12	0.04	0.00286353
491.16	0.04	-0.00178460
491.20	0.04	-0.00154712
491.24	0.04	-0.00011876
491.28	0.04	0.00371457
491.32	0.04	0.00959747
491.36	0.04	-0.00046837
491.40	0.04	0.00105143
491.44	0.04	-0.00231235
491.48	0.04	0.00262135
491.52	0.04	0.00148386
491.56	0.04	0.00029755
491.60	0.04	0.00025176
491.64	0.04	0.00002803
491.68	0.04	0.00006542
491.72	0.04	0.00310240
491.76	0.04	0.00094988
491.80	0.04	-0.00358739
491.84	0.04	-0.00051890
491.88	0.04	0.00452220
491.92	0.04	-0.00264162
491.96	0.04	-0.00140168
492.00	0.04	0.00498487
492.04	0.04	0.00344140
492.08	0.04	-0.00182534
492.12	0.04	-0.00482413
492.16	0.04	0.00065369
492.20	0.04	0.00448077
492.24	0.04	-0.00182560
492.28	0.04	0.00267756
492.32	0.04	0.00338653
492.36	0.04	0.00042228
492.40	0.04	-0.00234048
492.44	0.04	-0.00362231
492.48	0.04	-0.00551291
492.52	0.04	-0.00057604
492.56	0.04	-0.00048805
492.60	0.04	-0.00037334
492.64	0.04	-0.00212336
492.68	0.04	0.00162016
492.72	0.04	0.00078299
492.76	0.04	-0.00216211
492.80	0.04	0.00062188
492.84	0.04	0.00722926
492.88	0.04	0.00567242
492.92	0.04	0.00513361
492.96	0.04	0.00179147
493.00	0.04	0.00012070
493.04	0.04	-0.00031317
493.08	0.04	0.00253682
493.12	0.04	0.00344218
493.16	0.04	0.00310535
493.20	0.04	0.00591736
493.24	0.04	0.00822910
493.28	0.04	0.00488251
493.32	0.04	0.00678583
493.36	0.04	0.00524029
493.40	0.04	-0.00179057
493.44	0.04	-0.00097175
493.48	0.04	0.00028198
493.52	0.04	0.00551552
493.56	0.04	0.00432741
493.60	0.04	0.00442722
493.64	0.04	0.00302889
493.68	0.04	-0.00319192
493.72	0.04	-0.00350952
493.76	0.04	-0.00635944
493.80	0.04	-0.00033409
493.84	0.04	0.00086527
493.88	0.04	0.00211455
493.92	0.04	0.00409380
493.96	0.04	0.00621873
494.00	0.04	0.00590151
494.04	0.04	0.00511815
494.08	0.04	0.00285092
494.12	0.04	0.00089748
494.16	0.04	0.00009525
494.20	0.04	0.00370216
494.24	0.04	0.00215412
494.28	0.04	0.00263662
494.32	0.04	0.00069524
494.36	0.04	-0.00200106
494.40	0.04	-0.00136980
494.44	0.04	-0.00260142
494.48	0.04	0.00205830
494.52	0.04	0.00058626
494.56	0.04	0.00471616
494.60	0.04	0.00425203
494.64	0.04	0.00563550
494.68	0.04	0.00799074
494.72	0.04	0.00202013
494.76	0.04	0.00492188
494.80	0.04	0.00614143
494.84	0.04	0.00418689
494.88	0.04	0.00367450
494.92	0.04	-0.00654183
494.96	0.04	0.00697341
495.00	0.04	0.00479402
495.04	0.04	0.00625865
495.08	0.04	-0.00167094
495.12	0.04	0.00465882
495.16	0.04	-0.00059947
495.20	0.04	-0.00058994
495.24	0.04	0.00300158
495.28	0.04	0.00330935
495.32	0.04	0.00039463
495.36	0.04	-0.00087862
495.40	0.04	0.00122539
495.44	0.04	0.00038752
495.48	0.04	0.00046320
495.52	0.04	-0.00145986
495.56	0.04	0.00202230
495.60	0.04	0.00053971
495.64	0.04	0.00218673
495.68	0.04	-0.00276271
495.72	0.04	0.00004786
495.76	0.04	-0.00263436
495.80	0.04	-0.00075827
495.84	0.04	0.00056248
495.88	0.04	-0.00138649
495.92	0.04	-0.00120803
495.96	0.04	0.00535314
496.00	0.04	-0.00236794
496.04	0.04	-0.00013938
496.08	0.04	0.00291593
496.12	0.04	0.00115086
496.16	0.04	0.00479565
496.20	0.04	0.00216297
496.24	0.04	0.00014702
496.28	0.04	0.00211535
496.32	0.04	0.00293846
496.36	0.04	0.00162556
496.40	0.04	0.00157462
496.44	0.04	0.00200649
496.48	0.04	-0.00302641
496.52	0.04	-0.01097939
496.56	0.04	-0.00359774
496.60	0.04	0.00080702
496.64	0.04	0.00227716
496.68	0.04	-0.00517010
496.72	0.04	-0.00230187
496.76	0.04	0.00049914
496.80	0.04	-0.00276191
496.84	0.04	-0.00102753
496.88	0.04	-0.00280875
496.92	0.04	-0.00004023
496.96	0.04	-0.00137866
497.00	0.04	0.00276296
497.04	0.04	-0.00311626
497.08	0.04	-0.00611723
497.12	0.04	-0.00086361
497.16	0.04	-0.00136764
497.20	0.04	0.00459327
497.24	0.04	0.00259114
497.28	0.04	-0.00094695
497.32	0.04	-0.00011986
497.36	0.04	0.00008473
497.40	0.04	-0.00092760
497.44	0.04	0.00099835
497.48	0.04	0.00085855
497.52	0.04	0.00115945
497.56	0.04	-0.00316159
497.60	0.04	-0.00239309
497.64	0.04	-0.00014512
497.68	0.04	-0.00428887
497.72	0.04	0.00365155
497.76	0.04	-0.00056118
497.80	0.04	0.00414695
497.84	0.04	-0.00357950
497.88	0.04	0.00222940
497.92	0.04	-0.00102526
497.96	0.04	0.00106945
498.00	0.04	-0.00177148
498.04	0.04	-0.00117207
498.08	0.04	-0.00153155
498.12	0.04	0.00364077
498.16	0.04	0.00188423
498.20	0.04	0.00199840
498.24	0.04	0.00149026
498.28	0.04	0.00403694
498.32	0.04	0.00508002
498.36	0.04	0.00291938
498.40	0.04	0.00104583
498.44	0.04	0.00264389
498.48	0.04	0.00078480
498.52	0.04	-0.00021324
498.56	0.04	0.00074574
498.60	0.04	-0.00077781
498.64	0.04	-0.00021381
498.68	0.04	0.00016527
498.72	0.04	-0.00003457
498.76	0.04	-0.00136338
498.80	0.04	-0.00406609
498.84	0.04	0.00099295
498.88	0.04	-0.00212571
498.92	0.04	-0.00269988
498.96	0.04	-0.00304700
499.00	0.04	-0.00268554
499.04	0.04	-0.00163888
499.08	0.04	0.00006599
499.12	0.04	0.00177158
499.16	0.04	0.00194458
499.20	0.04	-0.00113459
499.24	0.04	-0.00214642
499.28	0.04	-0.00163707
499.32	0.04	0.00179845
499.36	0.04	-0.00049726
499.40	0.04	-0.00103479
499.44	0.04	0.00137237
499.48	0.04	0.00094403
499.52	0.04	0.00152435
499.56	0.04	-0.00309000
499.60	0.04	-0.00215342
499.64	0.04	-0.00311040
499.68	0.04	-0.00071541
499.72	0.04	0.00097982
499.76	0.04	0.00158699
499.80	0.04	-0.00115147
499.84	0.04	-0.00299848
499.88	0.04	0.00190710
499.92	0.04	0.00131196
499.96	0.04	-0.00053921
500.00	0.04	0.00087988
500.04	0.04	-0.00051306
500.08	0.04	-0.00025230
500.12	0.04	0.00089394
500.16	0.04	-0.00002394
500.20	0.04	-0.00070647
500.24	0.04	0.00231044
500.28	0.04	-0.00313392
500.32	0.04	-0.00109582
500.36	0.04	0.00080346
500.40	0.04	0.00043288
500.44	0.04	0.00103765
500.48	0.04	-0.00122813
500.52	0.04	0.00226737
500.56	0.04	-0.00028835
500.60	0.04	-0.00353176
500.64	0.04	-0.00179668
500.68	0.04	-0.00123258
500.72	0.04	-0.00394551
500.76	0.04	-0.00217825
500.80	0.04	0.00051437
500.84	0.04	0.00039246
500.88	0.04	0.00181248
500.92	0.04	-0.00030871
500.96	0.04	-0.00113937
501.00	0.04	-0.00005789
501.04	0.04	0.00054731
501.08	0.04	-0.00101343
501.12	0.04	-0.00120303
501.16	0.04	-0.00299780
501.20	0.04	-0.00082537
501.24	0.04	-0.00333470
501.28	0.04	-0.00016242
501.32	0.04	-0.00159920
501.36	0.04	-0.00218485
501.40	0.04	-0.00493714
501.44	0.04	-0.00212964
501.48	0.04	-0.00086132
501.52	0.04	0.00042357
501.56	0.04	0.00392684
501.60	0.04	0.00174760
501.64	0.04	0.00167283
501.68	0.04	0.00217084
501.72	0.04	0.00215053
501.76	0.04	0.00350396
501.80	0.04	0.00471949
501.84	0.04	0.00360372
501.88	0.04	0.00123651
501.92	0.04	0.00305753
501.96	0.04	0.00226711
502.00	0.04	-0.00077319
502.04	0.04	0.00019209
502.08	0.04	0.00096172
502.12	0.04	-0.00015890
502.16	0.04	-0.00146509
502.20	0.04	-0.00008242
502.24	0.04	-0.00346398
502.28	0.04	0.00136245
502.32	0.04	-0.00025224
502.36	0.04	-0.00017535
502.40	0.04	-0.00224599
502.44	0.04	0.00187751
502.48	0.04	0.00039801
502.52	0.04	0.00092873
502.56	0.04	0.00132783
502.60	0.04	0.00173774
502.64	0.04	-0.00192682
502.68	0.04	-0.00045058
502.72	0.04	0.00150959
502.76	0.04	-0.00035283
502.80	0.04	-0.00060068
502.84	0.04	0.00063263
502.88	0.04	-0.00003841
502.92	0.04	0.00070097
502.96	0.04	0.00089660
503.00	0.04	0.00165528
503.04	0.04	0.00092659
503.08	0.04	0.00161351
503.12	0.04	-0.00034983
503.16	0.04	-0.00024974
503.20	0.04	-0.00331388
503.24	0.04	-0.00005631
503.28	0.04	0.00087162
503.32	0.04	0.00213164
503.36	0.04	-0.00006466
503.40	0.04	-0.00181631
503.44	0.04	-0.00446409
503.48	0.04	-0.00022411
503.52	0.04	0.00099120
503.56	0.04	0.00117400
503.60	0.04	0.00154867
503.64	0.04	0.00014257
503.68	0.04	0.00377784
503.72	0.04	0.00163648
503.76	0.04	0.00140758
503.80	0.04	-0.00016156
503.84	0.04	0.00231897
503.88	0.04	0.00262794
503.92	0.04	-0.00117334
503.96	0.04	-0.00004793
504.00	0.04	-0.00197480
504.04	0.04	-0.00105316
504.08	0.04	-0.00017123
504.12	0.04	-0.00047714
504.16	0.04	0.00065267
504.20	0.04	0.00150579
504.24	0.04	0.00262035
504.28	0.04	0.00194180
504.32	0.04	0.00094721
504.36	0.04	0.00059018
504.40	0.04	0.00127405
504.44	0.04	0.00040099
504.48	0.04	0.00161483
504.52	0.04	0.00471295
504.56	0.04	0.00003309
504.60	0.04	0.00473990
504.64	0.04	0.00317123
504.68	0.04	0.00222536
504.72	0.04	0.00157111
504.76	0.04	0.00423239
504.80	0.04	0.00281463
504.84	0.04	-0.00367687
504.88	0.04	-0.00217296
504.92	0.04	0.00361943
504.96	0.04	0.00290340
505.00	0.04	0.00244813
505.04	0.04	0.00149634
505.08	0.04	-0.00078268
505.12	0.04	0.00159684
505.16	0.04	-0.00128496
505.20	0.04	0.00035209
505.24	0.04	0.00242979
505.28	0.04	0.00415794
505.32	0.04	0.00391538
505.36	0.04	0.00040139
505.40	0.04	-0.00255400
505.44	0.04	-0.00404317
505.48	0.04	-0.00413666
505.52	0.04	-0.00243929
505.56	0.04	-0.00042987
505.60	0.04	0.00055184
505.64	0.04	-0.00011542
505.68	0.04	0.00191157
505.72	0.04	0.00235992
505.76	0.04	0.00147010
505.80	0.04	0.00073104
505.84	0.04	0.00101733
505.88	0.04	0.00425024
505.92	0.04	0.00598078
505.96	0.04	0.00615801
506.00	0.04	0.00847344
506.04	0.04	0.00757677
506.08	0.04	0.00184441
506.12	0.04	-0.00290671
506.16	0.04	-0.00283412
506.20	0.04	-0.00188497
506.24	0.04	-0.00039097
506.28	0.04	0.00032485
506.32	0.04	-0.00006726
506.36	0.04	0.00073637
506.40	0.04	-0.00018460
506.44	0.04	-0.00014370
506.48	0.04	-0.00071487
506.52	0.04	-0.00046269
506.56	0.04	-0.00050998
506.60	0.04	-0.00045648
506.64	0.04	0.00057543
506.68	0.04	-0.00071939
506.72	0.04	-0.00039923
506.76	0.04	-0.00025333
506.80	0.04	-0.00038240
506.84	0.04	-0.00022662
506.88	0.04	-0.00105659
506.92	0.04	-0.00109486
506.96	0.04	-0.00205274
507.00	0.04	-0.00171786
507.04	0.04	-0.00102411
507.08	0.04	-0.00158148
507.12	0.04	-0.00080064
507.16	0.04	-0.00092508
507.20	0.04	-0.00069814
507.24	0.04	-0.00084999
507.28	0.04	-0.00149543
507.32	0.04	0.00014155
507.36	0.04	-0.00003198
507.40	0.04	-0.00355700
507.44	0.04	-0.00195621
507.48	0.04	-0.00117304
507.52	0.04	0.00003120
507.56	0.04	0.00026401
507.60	0.04	0.00133728
507.64	0.04	0.00041108
507.68	0.04	0.00149145
507.72	0.04	0.00069466
507.76	0.04	-0.00005402
507.80	0.04	0.00208540
507.84	0.04	0.00079313
507.88	0.04	0.00404228
507.92	0.04	0.00215873
507.96	0.04	0.00400407
508.00	0.04	0.00283337
508.04	0.04	0.00143496
508.08	0.04	0.00080094
508.12	0.04	0.00155699
508.16	0.04	0.00329118
508.20	0.04	0.00396552
508.24	0.04	0.00214435
508.28	0.04	0.00096238
508.32	0.04	-0.00252985
508.36	0.04	-0.00005565
508.40	0.04	-0.00011341
508.44	0.04	0.00246478
508.48	0.04	0.00124677
508.52	0.04	0.00387176
508.56	0.04	0.00263413
508.60	0.04	0.00064736
508.64	0.04	0.00444275
508.68	0.04	0.00229821
508.72	0.04	0.00227895
508.76	0.04	0.00041445
508.80	0.04	0.00313364
508.84	0.04	0.00211898
508.88	0.04	-0.00021199
508.92	0.04	-0.00102728
508.96	0.04	0.00189912
509.00	0.04	0.00305389
509.04	0.04	0.00115238
509.08	0.04	-0.00049234
509.12	0.04	-0.00102182
509.16	0.04	-0.00183857
509.20	0.04	-0.00291471
509.24	0.04	-0.00459513
509.28	0.04	-0.00362223
509.32	0.04	0.00069165
509.36	0.04	0.00307117
509.40	0.04	0.00355638
509.44	0.04	0.00315429
509.48	0.04	0.00065397
509.52	0.04	-0.00326965
509.56	0.04	-0.00852089
509.60	0.04	-0.00583718
509.64	0.04	-0.00491119
509.68	0.04	-0.00262914
509.72	0.04	-0.00177942
509.76	0.04	0.00143987
509.80	0.04	-0.00306593
509.84	0.04	-0.01188242
509.88	0.04	-0.01044011
509.92	0.04	-0.00776494
509.96	0.04	-0.00879583
510.00	0.04	-0.01410490
510.04	0.04	-0.00750882
510.08	0.04	-0.00325558
510.12	0.04	-0.02068868
510.16	0.04	-0.02231650
510.20	0.04	-0.00443800
510.24	0.04	0.00031813
510.28	0.04	-0.01238564
510.32	0.04	-0.00343922
510.36	0.04	-0.00122875
510.40	0.04	-0.03291183
510.44	0.04	-0.01936529
510.48	0.04	-0.01293949
510.52	0.04	-0.01173532
510.56	0.04	-0.01092170
510.60	0.04	0.01165221
510.64	0.04	-0.00503899
510.68	0.04	0.00331354
510.72	0.04	0.02523146
510.76	0.04	-0.00018803
510.80	0.04	0.01618386
510.84	0.04	-0.00127539
510.88	0.04	0.01463084
510.92	0.04	0.00538512
510.96	0.04	-0.01736735
511.00	0.04	-0.00732710
511.04	0.04	-0.00169443
511.08	0.04	-0.00698888
511.12	0.04	-0.01464032
511.16	0.04	-0.00413447
511.20	0.04	-0.00459537
511.24	0.04	-0.00604507
511.28	0.04	0.00077330
511.32	0.04	-0.00535043
511.36	0.04	-0.00327552
511.40	0.04	-0.00137619
511.44	0.04	0.00436445
511.48	0.04	-0.00511515
511.52	0.04	-0.01105548
511.56	0.04	0.00648409
511.60	0.04	-0.00911567
511.64	0.04	-0.00282026
511.68	0.04	-0.00528872
511.72	0.04	-0.00466675
511.76	0.04	-0.01512283
511.80	0.04	-0.01148042
511.84	0.04	-0.00894669
511.88	0.04	-0.00362839
511.92	0.04	0.00022812
511.96	0.04	-0.00410444
512.00	0.04	-0.00380138
512.04	0.04	-0.00166930
512.08	0.04	-0.00427046
512.12	0.04	-0.00912136
512.16	0.04	-0.00027770
512.20	0.04	0.00278022
512.24	0.04	-0.00496951
512.28	0.04	-0.00095576
512.32	0.04	-0.00437929
512.36	0.04	-0.00604601
512.40	0.04	-0.00287613
512.44	0.04	0.00099804
512.48	0.04	-0.00452590
512.52	0.04	0.00085161
512.56	0.04	-0.00849943
512.60	0.04	-0.01805363
512.64	0.04	-0.01930618
512.68	0.04	-0.01595205
512.72	0.04	-0.00695992
512.76	0.04	-0.00726219
512.80	0.04	-0.00227412
512.84	0.04	-0.00255525
512.88	0.04	-0.00748377
512.92	0.04	-0.01008541
512.96	0.04	0.00033528
513.00	0.04	-0.00852714
513.04	0.04	-0.00480697
513.08	0.04	-0.01202505
513.12	0.04	-0.01972162
513.16	0.04	-0.02377730
513.20	0.04	-0.01954051
513.24	0.04	-0.01068056
513.28	0.04	-0.01245270
513.32	0.04	-0.01716016
513.36	0.04	-0.01222527
513.40	0.04	-0.01133910
513.44	0.04	-0.00182366
513.48	0.04	-0.00162891
513.52	0.04	-0.00576363
513.56	0.04	-0.01232689
513.60	0.04	-0.01365116
513.64	0.04	-0.00272735
513.68	0.04	-0.01691568
513.72	0.04	-0.01253334
513.76	0.04	-0.00997763
513.80	0.04	-0.01173270
513.84	0.04	-0.00337410
513.88	0.04	-0.01150818
513.92	0.04	-0.02116626
513.96	0.04	-0.01080857
514.00	0.04	-0.00572692
514.04	0.04	-0.00873262
514.08	0.04	-0.01335837
514.12	0.04	-0.00740369
514.16	0.04	-0.01666485
514.20	0.04	-0.01998227
514.24	0.04	-0.00952125
514.28	0.04	-0.01342080
514.32	0.04	-0.01690825
514.36	0.04	-0.01663244
514.40	0.04	-0.02479854
514.44	0.04	-0.00344978
514.48	0.04	-0.00795347
514.52	0.04	0.00168203
514.56	0.04	-0.00344255
514.60	0.04	-0.00768168
514.64	0.04	-0.02116850
514.68	0.04	-0.01584233
514.72	0.04	-0.01354786
514.76	0.04	-0.01070025
514.80	0.04	-0.01520096
514.84	0.04	-0.01342641
514.88	0.04	-0.01592931
514.92	0.04	-0.01511872
514.96	0.04	-0.01645445
515.00	0.04	-0.01278377
515.04	0.04	-0.01082935
515.08	0.04	-0.00788801
515.12	0.04	-0.00931480
515.16	0.04	-0.00842681
515.20	0.04	-0.00453152
515.24	0.04	-0.01000069
515.28	0.04	-0.00665910
515.32	0.04	-0.00168341
515.36	0.04	-0.01337674
515.40	0.04	-0.01445189
515.44	0.04	-0.01607421
515.48	0.04	-0.01950889
515.52	0.04	-0.00774242
515.56	0.04	-0.01493944
515.60	0.04	-0.01475990
515.64	0.04	-0.01174206
515.68	0.04	-0.01238168
515.72	0.04	-0.00298577
515.76	0.04	-0.00663549
515.80	0.04	0.00051873
515.84	0.04	-0.00162240
515.88	0.04	-0.00336732
515.92	0.04	-0.00456139
515.96	0.04	-0.01994287
516.00	0.04	-0.01620357
516.04	0.04	-0.01598685
516.08	0.04	-0.02023383
516.12	0.04	-0.00174259
516.16	0.04	0.00273881
516.20	0.04	0.00299930
516.24	0.04	-0.00240771
516.28	0.04	-0.00260748
516.32	0.04	-0.00588483
516.36	0.04	-0.00609051
516.40	0.04	-0.01082667
516.44	0.04	-0.00615207
516.48	0.04	-0.00302836
516.52	0.04	-0.00710907
516.56	0.04	-0.01034926
516.60	0.04	-0.00880143
516.64	0.04	-0.00721035
516.68	0.04	-0.01069557
516.72	0.04	-0.00868911
516.76	0.04	-0.01109534
516.80	0.04	-0.01841643
516.84	0.04	-0.01167396
516.88	0.04	-0.01114089
516.92	0.04	-0.01269350
516.96	0.04	-0.01033458
517.00	0.04	0.00152923
517.04	0.04	-0.00526628
517.08	0.04	-0.00197216
517.12	0.04	-0.00109065
517.16	0.04	-0.00389908
517.20	0.04	-0.00152094
517.24	0.04	0.00142317
517.28	0.04	-0.00382942
517.32	0.04	-0.00303978
517.36	0.04	-0.00416466
517.40	0.04	-0.00667300
517.44	0.04	-0.00754006
517.48	0.04	0.00023682
517.52	0.04	-0.00206014
517.56	0.04	-0.00194293
517.60	0.04	-0.00493337
517.64	0.04	-0.00563154
517.68	0.04	-0.00570431
517.72	0.04	-0.00650833
517.76	0.04	-0.00652858
517.80	0.04	-0.00314577
517.84	0.04	-0.00046924
517.88	0.04	-0.00995711
517.92	0.04	-0.01361767
517.96	0.04	-0.01353504
518.00	0.04	-0.01743059
518.04	0.04	-0.00520849
518.08	0.04	-0.01509471
518.12	0.04	-0.01177249
518.16	0.04	-0.00687841
518.20	0.04	-0.00918885
518.24	0.04	-0.00550093
518.28	0.04	-0.01009493
518.32	0.04	-0.01384659
518.36	0.04	-0.01450277
518.40	0.04	-0.01794083
518.44	0.04	-0.01643579
518.48	0.04	-0.00845834
518.52	0.04	-0.00904469
518.56	0.04	-0.01231042
518.60	0.04	-0.01265560
518.64	0.04	-0.00446083
518.68	0.04	-0.01179283
518.72	0.04	-0.01453280
518.76	0.04	-0.01306175
518.80	0.04	-0.01155312
518.84	0.04	-0.00705079
518.88	0.04	-0.00608784
518.92	0.04	-0.00708298
518.96	0.04	-0.00230820
519.00	0.04	-0.00510030
519.04	0.04	-0.01026112
519.08	0.04	-0.00668058
519.12	0.04	0.00384597
519.16	0.04	0.00153487
519.20	0.04	-0.01408719
519.24	0.04	-0.01542413
519.28	0.04	-0.01719768
519.32	0.04	-0.01659174
519.36	0.04	-0.02597674
519.40	0.04	-0.00726202
519.44	0.04	-0.01312312
519.48	0.04	-0.00764629
519.52	0.04	-0.00603948
519.56	0.04	-0.00991942
519.60	0.04	-0.01263633
519.64	0.04	-0.01458340
519.68	0.04	0.00375098
519.72	0.04	0.00601900
519.76	0.04	-0.00472263
519.80	0.04	-0.00714011
519.84	0.04	-0.00522089
519.88	0.04	-0.00819976
519.92	0.04	0.00564260
519.96	0.04	-0.00621043
520.00	0.04	-0.01057054
520.04	0.04	-0.01167739
520.08	0.04	-0.01225458
520.12	0.04	-0.00539432
520.16	0.04	-0.00854978
520.20	0.04	-0.00785467
520.24	0.04	-0.00263836
520.28	0.04	-0.00409885
520.32	0.04	-0.00147117
520.36	0.04	-0.00570090
520.40	0.04	-0.00562505
520.44	0.04	-0.00583193
520.48	0.04	-0.00842749
520.52	0.04	-0.00007474
520.56	0.04	-0.00884978
520.60	0.04	-0.00345761
520.64	0.04	-0.00636151
520.68	0.04	-0.00055931
520.72	0.04	0.01095758
520.76	0.04	0.00609173
520.80	0.04	-0.00186677
520.84	0.04	-0.00710081
520.88	0.04	-0.00601601
520.92	0.04	0.00354935
520.96	0.04	0.00123074
521.00	0.04	0.00720478
521.04	0.04	0.00825860
521.08	0.04	-0.00443340
521.12	0.04	0.00325304
521.16	0.04	0.00803114
521.20	0.04	0.00659172
521.24	0.04	0.00297286
521.28	0.04	-0.00247128
521.32	0.04	-0.00223592
521.36	0.04	0.01129170
521.40	0.04	0.00338031
521.44	0.04	-0.00165527
521.48	0.04	-0.00188828
521.52	0.04	-0.00038412
521.56	0.04	0.00933180
521.60	0.04	0.00426666
521.64	0.04	-0.00421230
521.68	0.04	-0.00932632
521.72	0.04	-0.00712494
521.76	0.04	0.00515077
521.80	0.04	0.01012367
521.84	0.04	-0.00357392
521.88	0.04	-0.00661265
521.92	0.04	-0.00682640
521.96	0.04	0.01332656
522.00	0.04	0.01068776
522.04	0.04	0.00546483
522.08	0.04	0.00178641
522.12	0.04	-0.00409355
522.16	0.04	0.00083709
522.20	0.04	0.00418212
522.24	0.04	-0.00898702
522.28	0.04	-0.00764475
522.32	0.04	0.00695040
522.36	0.04	0.00109429
522.40	0.04	0.01673927
522.44	0.04	-0.00900441
522.48	0.04	-0.01931615
522.52	0.04	-0.00370068
522.56	0.04	-0.00354967
522.60	0.04	0.00753082
522.64	0.04	-0.00803795
522.68	0.04	-0.00856205
522.72	0.04	-0.00017158
522.76	0.04	-0.00729120
522.80	0.04	0.00013695
522.84	0.04	-0.00434281
522.88	0.04	-0.00673144
522.92	0.04	-0.00396712
522.96	0.04	-0.00022257
523.00	0.04	0.00442260
523.04	0.04	0.00052952
523.08	0.04	-0.00180223
523.12	0.04	-0.00419648
523.16	0.04	0.00309514
523.20	0.04	-0.00189807
523.24	0.04	0.00704061
523.28	0.04	0.00397360
523.32	0.04	-0.00153023
523.36	0.04	-0.00000275
523.40	0.04	-0.00621219
523.44	0.04	-0.00639489
523.48	0.04	-0.00845605
523.52	0.04	-0.00696494
523.56	0.04	-0.00968582
523.60	0.04	-0.00872982
523.64	0.04	-0.00089751
523.68	0.04	-0.00581875
523.72	0.04	-0.00250103
523.76	0.04	0.00045276
523.80	0.04	-0.00171158
523.84	0.04	0.00874350
523.88	0.04	-0.00141406
523.92	0.04	0.00059281
523.96	0.04	0.00351390
524.00	0.04	0.00346800
524.04	0.04	0.00282569
524.08	0.04	0.00379136
524.12	0.04	-0.00750999
524.16	0.04	-0.01108559
524.20	0.04	-0.00909675
524.24	0.04	-0.00209972
524.28	0.04	-0.00552176
524.32	0.04	-0.00676081
524.36	0.04	-0.00589075
524.40	0.04	-0.00354827
524.44	0.04	-0.00326806
524.48	0.04	0.00514095
524.52	0.04	-0.01167822
524.56	0.04	-0.00726638
524.60	0.04	-0.00710002
524.64	0.04	-0.00486323
524.68	0.04	0.00735145
524.72	0.04	-0.00061854
524.76	0.04	0.00143200
524.80	0.04	-0.00241166
524.84	0.04	0.00273444
524.88	0.04	-0.00307699
524.92	0.04	0.00026908
524.96	0.04	-0.01230195
525.00	0.04	-0.01039607
525.04	0.04	-0.00632470
525.08	0.04	-0.01386905
525.12	0.04	-0.01403670
525.16	0.04	-0.00237693
525.20	0.04	-0.00492076
525.24	0.04	-0.00835593
525.28	0.04	-0.00266825
525.32	0.04	0.00932878
525.36	0.04	-0.01036679
525.40	0.04	0.00183992
525.44	0.04	-0.00313414
525.48	0.04	-0.00302798
525.52	0.04	-0.00018578
525.56	0.04	-0.01052301
525.60	0.04	-0.00302537
525.64	0.04	-0.00120429
525.68	0.04	0.00380056
525.72	0.04	0.00568318
525.76	0.04	-0.00445946
525.80	0.04	-0.00329012
525.84	0.04	-0.00670062
525.88	0.04	-0.00382208
525.92	0.04	-0.00607051
525.96	0.04	-0.00566828
526.00	0.04	-0.00466968
526.04	0.04	-0.00784582
526.08	0.04	-0.00450256
526.12	0.04	-0.00519077
526.16	0.04	0.00461645
526.20	0.04	-0.00211846
526.24	0.04	-0.00557282
526.28	0.04	-0.00484931
526.32	0.04	0.00112634
526.36	0.04	0.00425071
526.40	0.04	-0.00661024
526.44	0.04	0.00100561
526.48	0.04	-0.00359776
526.52	0.04	-0.00669131
526.56	0.04	0.00481910
526.60	0.04	-0.00575015
526.64	0.04	-0.00797262
526.68	0.04	-0.01252160
526.72	0.04	-0.01723246
526.76	0.04	-0.00709465
526.80	0.04	0.00935347
526.84	0.04	0.00113994
526.88	0.04	0.00111791
526.92	0.04	-0.00447093
526.96	0.04	0.00079026
527.00	0.04	0.01384392
527.04	0.04	0.00325437
527.08	0.04	-0.00240666
527.12	0.04	-0.00524180
527.16	0.04	0.00577528
527.20	0.04	0.00533389
527.24	0.04	0.00000692
527.28	0.04	-0.00149586
527.32	0.04	0.00027573
527.36	0.04	0.00774811
527.40	0.04	0.00185134
527.44	0.04	-0.00414389
527.48	0.04	-0.00296310
527.52	0.04	-0.01004948
527.56	0.04	-0.01014855
527.60	0.04	-0.01248715
527.64	0.04	-0.01388783
527.68	0.04	-0.00677599
527.72	0.04	-0.00757460
527.76	0.04	-0.00806543
527.80	0.04	0.00287475
527.84	0.04	0.00169836
527.88	0.04	-0.00362510
527.92	0.04	-0.00153491
527.96	0.04	-0.00049837
528.00	0.04	-0.00046115
528.04	0.04	0.00631503
528.08	0.04	-0.00433219
528.12	0.04	-0.00874935
528.16	0.04	-0.00501487
528.20	0.04	-0.01008189
528.24	0.04	0.00577838
528.28	0.04	-0.00112518
528.32	0.04	-0.00253565
528.36	0.04	-0.00060404
528.40	0.04	-0.00133746
528.44	0.04	0.00037715
528.48	0.04	-0.00827818
528.52	0.04	-0.00113581
528.56	0.04	-0.00117677
528.60	0.04	0.00296485
528.64	0.04	0.00455460
528.68	0.04	-0.00125179
528.72	0.04	-0.00297186
528.76	0.04	-0.00703729
528.80	0.04	-0.00046794
528.84	0.04	-0.00966341
528.88	0.04	0.00464412
528.92	0.04	-0.00934988
528.96	0.04	-0.00926818
529.00	0.04	-0.01475227
529.04	0.04	-0.00490139
529.08	0.04	0.00509428
529.12	0.04	0.00458886
529.16	0.04	0.00151371
529.20	0.04	0.01009950
529.24	0.04	0.00857551
529.28	0.04	0.01066066
529.32	0.04	0.01158199
529.36	0.04	0.00406075
529.40	0.04	0.00997123
529.44	0.04	0.01255296
529.48	0.04	0.01734062
529.52	0.04	0.01469964
529.56	0.04	0.00668422
529.60	0.04	0.00239218
529.64	0.04	0.00714507
529.68	0.04	-0.00002150
529.72	0.04	0.00471720
529.76	0.04	0.00151078
529.80	0.04	0.00393400
529.84	0.04	0.00290922
529.88	0.04	-0.00250965
529.92	0.04	0.00364587
529.96	0.04	-0.00314737
530.00	0.04	-0.01208919
530.04	0.04	-0.00552030
530.08	0.04	-0.00905544
530.12	0.04	-0.00964140
530.16	0.04	-0.01087595
530.20	0.04	-0.00751884
530.24	0.04	-0.00495204
530.28	0.04	-0.00481189
530.32	0.04	0.00374715
530.36	0.04	0.01074611
530.40	0.04	0.00446138
530.44	0.04	0.00281772
530.48	0.04	0.00459980
530.52	0.04	0.01006184
530.56	0.04	0.01116113
530.60	0.04	0.01280380
530.64	0.04	0.01009626
530.68	0.04	0.00295288
530.72	0.04	0.00415559
530.76	0.04	0.00814799
530.80	0.04	-0.00352252
530.84	0.04	-0.00519652
530.88	0.04	-0.00152726
530.92	0.04	0.00457996
530.96	0.04	0.00618765
531.00	0.04	0.01020416
531.04	0.04	0.00727601
531.08	0.04	-0.00293232
531.12	0.04	-0.01158642
531.16	0.04	-0.00124745
531.20	0.04	0.01230120
531.24	0.04	0.02009581
531.28	0.04	0.01302270
531.32	0.04	0.01245288
531.36	0.04	0.01264917
531.40	0.04	0.01306600
531.44	0.04	0.01867260
531.48	0.04	0.01169281
531.52	0.04	0.01489817
531.56	0.04	0.01248044
531.60	0.04	0.00596928
531.64	0.04	0.00508763
531.68	0.04	-0.01037593
531.72	0.04	-0.00040014
531.76	0.04	0.00195284
531.80	0.04	0.01228395
531.84	0.04	0.01211730
531.88	0.04	0.00540365
531.92	0.04	0.00505056
531.96	0.04	0.00175091
532.00	0.04	-0.00268460
532.04	0.04	0.01368104
532.08	0.04	0.00691469
532.12	0.04	0.00558801
532.16	0.04	0.00033504
532.20	0.04	-0.00201597
532.24	0.04	0.00263623
532.28	0.04	0.00250180
532.32	0.04	0.00506459
532.36	0.04	0.00522293
532.40	0.04	0.00111652
532.44	0.04	0.00451413
532.48	0.04	0.00218205
532.52	0.04	0.00359210
532.56	0.04	0.00483573
532.60	0.04	0.00222471
532.64	0.04	0.00713804
532.68	0.04	0.00567750
532.72	0.04	0.00784186
532.76	0.04	0.00658091
532.80	0.04	0.00584640
532.84	0.04	0.00442140
532.88	0.04	0.00641559
532.92	0.04	0.00885322
532.96	0.04	0.00058682
533.00	0.04	0.00666168
533.04	0.04	0.00108632
533.08	0.04	0.00034575
533.12	0.04	0.00906359
533.16	0.04	-0.00208799
533.20	0.04	0.00445366
533.24	0.04	0.00343711
533.28	0.04	0.01681533
533.32	0.04	-0.00145908
533.36	0.04	0.00140589
533.40	0.04	0.00040082
533.44	0.04	0.00831177
533.48	0.04	0.01440871
533.52	0.04	-0.00018291
533.56	0.04	-0.00089684
533.60	0.04	0.00159219
533.64	0.04	0.00518766
533.68	0.04	0.00046556
533.72	0.04	0.00369902
533.76	0.04	0.00435028
533.80	0.04	-0.00541104
533.84	0.04	-0.00417265
533.88	0.04	0.00251047
533.92	0.04	-0.00831364
533.96	0.04	0.00690981
534.00	0.04	0.00269209
534.04	0.04	0.00615883
534.08	0.04	0.00250086
534.12	0.04	0.00434845
534.16	0.04	0.00993559
534.20	0.04	-0.00178142
534.24	0.04	0.00701733
534.28	0.04	0.00581949
534.32	0.04	0.00667320
534.36	0.04	0.00378665
534.40	0.04	-0.00552459
534.44	0.04	0.00153346
534.48	0.04	-0.00284531
534.52	0.04	-0.00543461
534.56	0.04	-0.00368588
534.60	0.04	0.00062473
534.64	0.04	-0.00102447
534.68	0.04	-0.00736855
534.72	0.04	-0.00302065
534.76	0.04	-0.00578872
534.80	0.04	-0.00694839
534.84	0.04	-0.00366495
534.88	0.04	-0.00458926
534.92	0.04	-0.01912259
534.96	0.04	-0.01000429
535.00	0.04	-0.00528879
535.04	0.04	-0.00455781
535.08	0.04	-0.00942375
535.12	0.04	-0.00849274
535.16	0.04	-0.01097579
535.20	0.04	-0.01384271
535.24	0.04	-0.01476885
535.28	0.04	-0.01539232
535.32	0.04	-0.01610505
535.36	0.04	-0.01162256
535.40	0.04	-0.00440395
535.44	0.04	0.00088056
535.48	0.04	-0.00734964
535.52	0.04	-0.01446335
535.56	0.04	-0.01433778
535.60	0.04	-0.01243740
535.64	0.04	-0.01518065
535.68	0.04	-0.01622789
535.72	0.04	-0.00827692
535.76	0.04	-0.01099347
535.80	0.04	-0.01114709
535.84	0.04	-0.01438000
535.88	0.04	-0.00871453
535.92	0.04	-0.01542265
535.96	0.04	-0.02311685
536.00	0.04	-0.01900746
536.04	0.04	-0.02132289
536.08	0.04	-0.01937147
536.12	0.04	-0.01878928
536.16	0.04	-0.02021043
536.20	0.04	-0.02015798
536.24	0.04	-0.01714688
536.28	0.04	-0.00703705
536.32	0.04	-0.01041920
536.36	0.04	-0.01201166
536.40	0.04	-0.00512436
536.44	0.04	-0.00645795
536.48	0.04	-0.00189443
536.52	0.04	-0.00539783
536.56	0.04	-0.00598388
536.60	0.04	-0.00561208
536.64	0.04	0.00000094
536.68	0.04	-0.00073838
536.72	0.04	-0.00489435
536.76	0.04	-0.00519801
536.80	0.04	-0.00590771
536.84	0.04	0.00057024
536.88	0.04	-0.00870997
536.92	0.04	-0.01820222
536.96	0.04	-0.01278303
537.00	0.04	-0.00671959
537.04	0.04	-0.01575636
537.08	0.04	-0.00960081
537.12	0.04	0.00360336
537.16	0.04	-0.00296642
537.20	0.04	-0.00073917
537.24	0.04	-0.00310752
537.28	0.04	-0.00363347
537.32	0.04	-0.00457682
537.36	0.04	-0.00239661
537.40	0.04	-0.00403584
537.44	0.04	-0.00855312
537.48	0.04	-0.00627135
537.52	0.04	0.00019333
537.56	0.04	-0.00748590
537.60	0.04	-0.00918426
537.64	0.04	-0.01282556
537.68	0.04	-0.00397316
537.72	0.04	-0.00182029
537.76	0.04	-0.00194124
537.80	0.04	-0.00221588
537.84	0.04	-0.00333172
537.88	0.04	-0.00249744
537.92	0.04	-0.00441174
537.96	0.04	-0.00049747
538.00	0.04	-0.01037822
538.04	0.04	-0.00779931
538.08	0.04	-0.01983257
538.12	0.04	-0.01178383
538.16	0.04	-0.00955765
538.20	0.04	-0.00547370
538.24	0.04	-0.01027718
538.28	0.04	-0.00773634
538.32	0.04	-0.00868678
538.36	0.04	-0.00463333
538.40	0.04	0.00402297
538.44	0.04	0.00566432
538.48	0.04	0.00209674
538.52	0.04	0.00043747
538.56	0.04	-0.00150794
538.60	0.04	0.00461844
538.64	0.04	0.00185108
538.68	0.04	-0.01009187
538.72	0.04	-0.02162733
538.76	0.04	-0.01734398
538.80	0.04	-0.00232002
538.84	0.04	0.00148743
538.88	0.04	-0.00856776
538.92	0.04	-0.01297142
538.96	0.04	-0.00121087
539.00	0.04	-0.01489095
539.04	0.04	-0.01264126
539.08	0.04	-0.01402670
539.12	0.04	0.00075914
539.16	0.04	-0.00591138
539.20	0.04	-0.00411479
539.24	0.04	0.00057247
539.28	0.04	-0.00349748
539.32	0.04	-0.00593659
539.36	0.04	-0.00838865
539.40	0.04	-0.00438826
539.44	0.04	0.00451435
539.48	0.04	-0.00528941
539.52	0.04	-0.00208677
539.56	0.04	-0.00111501
539.60	0.04	-0.00678211
539.64	0.04	-0.00635147
539.68	0.04	0.00803227
539.72	0.04	-0.00206450
539.76	0.04	-0.00934837
539.80	0.04	-0.01632297
539.84	0.04	-0.00874340
539.88	0.04	-0.00504807
539.92	0.04	-0.00601418
539.96	0.04	-0.00166580
540.00	0.04	0.00240000
540.04	0.04	0.00434992
540.08	0.04	-0.00005968
540.12	0.04	0.00098807
540.16	0.04	-0.00082450
540.20	0.04	-0.00612290
540.24	0.04	-0.00285389
540.28	0.04	-0.00267875
540.32	0.04	-0.01616794
540.36	0.04	-0.00370174
540.40	0.04	-0.01334863
540.44	0.04	0.00110997
540.48	0.04	0.00075347
540.52	0.04	-0.01163209
540.56	0.04	0.00463503
540.60	0.04	-0.00748188
540.64	0.04	-0.01330654
540.68	0.04	-0.00379908
540.72	0.04	-0.00517048
540.76	0.04	-0.00912171
540.80	0.04	-0.00610514
540.84	0.04	-0.01092464
540.88	0.04	-0.00616048
540.92	0.04	0.00098156
540.96	0.04	0.00004978
541.00	0.04	-0.00215072
541.04	0.04	-0.00019920
541.08	0.04	-0.00278784
541.12	0.04	0.00509614
541.16	0.04	-0.00183439
541.20	0.04	-0.00505022
541.24	0.04	0.00090584
541.28	0.04	-0.00152953
541.32	0.04	0.00474407
541.36	0.04	-0.00193396
541.40	0.04	-0.00513939
541.44	0.04	-0.00587530
541.48	0.04	-0.00542383
541.52	0.04	-0.00433423
541.56	0.04	-0.00440113
541.60	0.04	-0.00242332
541.64	0.04	-0.00469378
541.68	0.04	-0.00140945
541.72	0.04	-0.00045456
541.76	0.04	0.00488747
541.80	0.04	0.00190434
541.84	0.04	-0.00148854
541.88	0.04	-0.00213455
541.92	0.04	-0.00409973
541.96	0.04	0.00909083
542.00	0.04	0.00440422
542.04	0.04	-0.00184353
542.08	0.04	-0.00540067
542.12	0.04	-0.00814940
542.16	0.04	-0.00173596
542.20	0.04	-0.00284942
542.24	0.04	-0.00643097
542.28	0.04	-0.00966538
542.32	0.04	-0.00847923
542.36	0.04	-0.00697647
542.40	0.04	-0.00483517
542.44	0.04	-0.00404864
542.48	0.04	-0.00303223
542.52	0.04	-0.00590060
542.56	0.04	-0.00231858
542.60	0.04	-0.00109911
542.64	0.04	-0.00598758
542.68	0.04	-0.00775174
542.72	0.04	-0.00411358
542.76	0.04	-0.00254292
542.80	0.04	0.00402826
542.84	0.04	-0.00700325
542.88	0.04	-0.00594624
542.92	0.04	0.00204083
542.96	0.04	-0.00524544
543.00	0.04	-0.00477122
543.04	0.04	-0.00335721
543.08	0.04	-0.00009002
543.12	0.04	0.00117956
543.16	0.04	-0.00461507
543.20	0.04	-0.00366261
543.24	0.04	-0.00144436
543.28	0.04	-0.00353116
543.32	0.04	-0.00016701
543.36	0.04	-0.00564144
543.40	0.04	-0.00107475
543.44	0.04	0.00124016
543.48	0.04	-0.00253282
543.52	0.04	-0.00846675
543.56	0.04	-0.00495756
543.60	0.04	-0.00489417
543.64	0.04	-0.00283057
543.68	0.04	0.00141057
543.72	0.04	-0.00407407
543.76	0.04	-0.00961416
543.80	0.04	-0.00493955
543.84	0.04	-0.00090241
543.88	0.04	-0.00392151
543.92	0.04	-0.01458636
543.96	0.04	-0.01394687
544.00	0.04	-0.00915669
544.04	0.04	-0.00643271
544.08	0.04	-0.00165110
544.12	0.04	-0.00465217
544.16	0.04	-0.00661939
544.20	0.04	-0.00041564
544.24	0.04	-0.00204980
544.28	0.04	-0.00053974
544.32	0.04	-0.00603887
544.36	0.04	-0.00274815
544.40	0.04	-0.00098606
544.44	0.04	-0.00275122
544.48	0.04	0.00048582
544.52	0.04	0.00099291
544.56	0.04	-0.00185754
544.60	0.04	-0.00246724
544.64	0.04	-0.00190937
544.68	0.04	0.00009861
544.72	0.04	0.00517611
544.76	0.04	-0.00053778
544.80	0.04	0.00113127
544.84	0.04	-0.00241672
544.88	0.04	-0.00221580
544.92	0.04	0.00000987
544.96	0.04	0.00133977
545.00	0.04	0.00231974
545.04	0.04	-0.00081461
545.08	0.04	-0.00088424
545.12	0.04	-0.00081083
545.16	0.04	-0.00040367
545.20	0.04	0.00072441
545.24	0.04	-0.00038299
545.28	0.04	0.00058628
545.32	0.04	0.00002110
545.36	0.04	-0.00069216
545.40	0.04	-0.00018891
545.44	0.04	-0.00016013
545.48	0.04	-0.00053733
545.52	0.04	0.00299843
545.56	0.04	0.00120418
545.60	0.04	0.00017192
545.64	0.04	-0.00222558
545.68	0.04	-0.00123706
545.72	0.04	-0.00269001
545.76	0.04	0.00245488
545.80	0.04	-0.00028252
545.84	0.04	-0.00006036
545.88	0.04	-0.00121521
545.92	0.04	0.00011944
545.96	0.04	0.00216751
546.00	0.04	0.00044624
546.04	0.04	0.00000563
546.08	0.04	-0.00107175
546.12	0.04	-0.00085148
546.16	0.04	-0.00124107
546.20	0.04	-0.00169891
546.24	0.04	0.00014485
546.28	0.04	0.00018782
546.32	0.04	0.00172839
546.36	0.04	0.00143729
546.40	0.04	0.00148474
546.44	0.04	0.00282382
546.48	0.04	-0.00336239
546.52	0.04	-0.00068969
546.56	0.04	0.00020069
546.60	0.04	-0.00075210
546.64	0.04	0.00084465
546.68	0.04	-0.00188685
546.72	0.04	-0.00034030
546.76	0.04	0.00188437
546.80	0.04	-0.00226936
546.84	0.04	0.00291295
546.88	0.04	-0.00020299
546.92	0.04	0.00122040
546.96	0.04	-0.00294849
547.00	0.04	0.00114930
547.04	0.04	0.00003299
547.08	0.04	0.00155090
547.12	0.04	-0.00066884
547.16	0.04	0.00039331
547.20	0.04	0.00178915
547.24	0.04	0.00248646
547.28	0.04	-0.00049757
547.32	0.04	0.00071071
547.36	0.04	0.00204146
547.40	0.04	0.00066674
547.44	0.04	-0.00106044
547.48	0.04	-0.00164746
547.52	0.04	0.00101166
547.56	0.04	0.00124615
547.60	0.04	0.00240943
547.64	0.04	-0.00230911
547.68	0.04	0.00137195
547.72	0.04	0.00300556
547.76	0.04	-0.00146442
547.80	0.04	-0.00170868
547.84	0.04	0.00244088
547.88	0.04	0.00428838
547.92	0.04	0.00573472
547.96	0.04	0.00156877
548.00	0.04	0.00262649
548.04	0.04	0.00069802
548.08	0.04	-0.00106575
548.12	0.04	0.00672468
548.16	0.04	0.00238965
548.20	0.04	0.00091825
548.24	0.04	-0.00172598
548.28	0.04	0.00002257
548.32	0.04	0.00236702
548.36	0.04	0.00210473
548.40	0.04	0.00289068
548.44	0.04	0.00266316
548.48	0.04	0.00328895
548.52	0.04	0.00648462
548.56	0.04	0.00593717
548.60	0.04	0.00046536
548.64	0.04	-0.00015266
548.68	0.04	0.00067326
548.72	0.04	0.00212785
548.76	0.04	0.00158092
548.80	0.04	-0.00004288
548.84	0.04	-0.00025370
548.88	0.04	0.00235422
548.92	0.04	0.00047173
548.96	0.04	0.00001655
549.00	0.04	0.00103432
549.04	0.04	0.00092207
549.08	0.04	0.00099659
549.12	0.04	-0.00038142
549.16	0.04	0.00130894
549.20	0.04	0.00022113
549.24	0.04	0.00277771
549.28	0.04	0.00219516
549.32	0.04	0.00300529
549.36	0.04	0.00525882
549.40	0.04	0.00424289
549.44	0.04	0.00135155
549.48	0.04	-0.00028945
549.52	0.04	0.00033025
549.56	0.04	-0.00071279
549.60	0.04	0.00149416
549.64	0.04	0.00308049
549.68	0.04	0.00293596
549.72	0.04	0.00163385
549.76	0.04	0.00187122
549.80	0.04	0.00474534
549.84	0.04	0.00200725
549.88	0.04	0.00088454
549.92	0.04	0.00123811
549.96	0.04	0.00091692
550.00	0.04	0.00013778
550.04	0.04	-0.00054245
550.08	0.04	-0.00108722
550.12	0.04	-0.00298815
550.16	0.04	0.00286383
550.20	0.04	0.00138339
550.24	0.04	0.00260349
550.28	0.04	0.00136612
550.32	0.04	0.00084441
550.36	0.04	0.00032922
550.40	0.04	0.00077447
550.44	0.04	0.00051646
550.48	0.04	0.00005166
550.52	0.04	0.00195444
550.56	0.04	-0.00061981
550.60	0.04	0.00037978
550.64	0.04	0.00213026
550.68	0.04	0.00036222
550.72	0.04	-0.00029482
550.76	0.04	0.00045677
550.80	0.04	-0.00097696
550.84	0.04	0.00149870
550.88	0.04	-0.00062014
550.92	0.04	-0.00074629
550.96	0.04	0.00093194
551.00	0.04	-0.00093937
551.04	0.04	0.00533338
551.08	0.04	0.00195755
551.12	0.04	-0.00133778
551.16	0.04	-0.00160271
551.20	0.04	-0.00022367
551.24	0.04	-0.00024364
551.28	0.04	0.00000865
551.32	0.04	0.00093220
551.36	0.04	0.00033006
551.40	0.04	0.00149655
551.44	0.04	0.00068959
551.48	0.04	0.01637483
551.52	0.04	0.00367512
551.56	0.04	0.00192965
551.60	0.04	0.00210623
551.64	0.04	0.00166293
551.68	0.04	0.00494555
551.72	0.04	0.00262083
551.76	0.04	0.00100521
551.80	0.04	0.00178532
551.84	0.04	0.00163138
551.88	0.04	0.00183311
551.92	0.04	0.00678293
551.96	0.04	0.00141923
552.00	0.04	-0.00000085
552.04	0.04	0.00241580
552.08	0.04	0.00119822
552.12	0.04	-0.00038591
552.16	0.04	0.00061326
552.20	0.04	0.00075535
552.24	0.04	-0.00221635
552.28	0.04	0.00050477
552.32	0.04	0.00183152
552.36	0.04	0.00046187
552.40	0.04	0.00196337
552.44	0.04	0.00112772
552.48	0.04	-0.00026062
552.52	0.04	0.00210381
552.56	0.04	0.00310270
552.60	0.04	0.00070278
552.64	0.04	0.00011131
552.68	0.04	0.00007431
552.72	0.04	-0.00009885
552.76	0.04	0.00140928
552.80	0.04	-0.00023911
552.84	0.04	-0.00030251
552.88	0.04	-0.00012676
552.92	0.04	0.00000434
552.96	0.04	0.00322844
553.00	0.04	0.00241568
553.04	0.04	0.00194709
553.08	0.04	0.00088367
553.12	0.04	0.00003724
553.16	0.04	0.00400165
553.20	0.04	0.00047528
553.24	0.04	0.00156039
553.28	0.04	0.00408177
553.32	0.04	0.00206850
553.36	0.04	0.00166953
553.40	0.04	0.00250563
553.44	0.04	-0.00136963
553.48	0.04	0.00178139
553.52	0.04	0.00230844
553.56	0.04	0.00218927
553.60	0.04	0.00265100
553.64	0.04	0.00112789
553.68	0.04	0.00001937
553.72	0.04	-0.00147092
553.76	0.04	-0.00038333
553.80	0.04	-0.00039018
553.84	0.04	-0.00043658
553.88	0.04	0.00005132
553.92	0.04	0.00072754
553.96	0.04	-0.00025054
554.00	0.04	0.00401677
554.04	0.04	0.00030009
554.08	0.04	0.00103067
554.12	0.04	0.00154071
554.16	0.04	0.00171840
554.20	0.04	0.00201946
554.24	0.04	0.00302178
554.28	0.04	0.00123764
554.32	0.04	-0.00227793
554.36	0.04	-0.00161084
554.40	0.04	0.00027146
554.44	0.04	0.00351156
554.48	0.04	0.00166210
554.52	0.04	0.00153868
554.56	0.04	0.00067508
554.60	0.04	0.00102122
554.64	0.04	0.00025063
554.68	0.04	0.00198499
554.72	0.04	0.00221814
554.76	0.04	0.00147403
554.80	0.04	0.00188377
554.84	0.04	0.00087793
554.88	0.04	0.00146898
554.92	0.04	0.00101089
554.96	0.04	0.00029943
555.00	0.04	-0.00029574
555.04	0.04	-0.00040392
555.08	0.04	0.00104250
555.12	0.04	0.00229343
555.16	0.04	0.00382056
555.20	0.04	0.00111694
555.24	0.04	0.00177443
555.28	0.04	0.00184485
555.32	0.04	0.00051876
555.36	0.04	-0.00135257
555.40	0.04	0.00077214
555.44	0.04	-0.00059837
555.48	0.04	-0.00037198
555.52	0.04	-0.00000666
555.56	0.04	-0.00019375
555.60	0.04	0.00091010
555.64	0.04	0.00114978
555.68	0.04	0.00026749
555.72	0.04	0.00015908
555.76	0.04	-0.00012293
555.80	0.04	-0.00044489
555.84	0.04	0.00051764
555.88	0.04	0.00031664
555.92	0.04	-0.00121571
555.96	0.04	0.00018430
556.00	0.04	0.00137454
556.04	0.04	-0.00050240
556.08	0.04	0.00062931
556.12	0.04	0.00076503
556.16	0.04	0.00059224
556.20	0.04	0.00092102
556.24	0.04	0.00025543
556.28	0.04	0.00026516
556.32	0.04	0.00042836
556.36	0.04	0.00036820
556.40	0.04	0.00029172
556.44	0.04	0.00016584
556.48	0.04	0.00032061
556.52	0.04	0.00061026
556.56	0.04	-0.00088571
556.60	0.04	-0.00193710
556.64	0.04	-0.00164359
556.68	0.04	-0.00191795
556.72	0.04	-0.00210839
556.76	0.04	-0.00118230
556.80	0.04	-0.00122702
556.84	0.04	-0.00156814
556.88	0.04	-0.00104509
556.92	0.04	-0.00070726
556.96	0.04	-0.00145971
557.00	0.04	-0.00030306
557.04	0.04	0.00117352
557.08	0.04	0.00200003
557.12	0.04	0.00255135
557.16	0.04	0.00222587
557.20	0.04	0.00237471
557.24	0.04	0.00011420
557.28	0.04	-0.00043031
557.32	0.04	0.00014703
557.36	0.04	0.00032616
557.40	0.04	0.00092544
557.44	0.04	0.00105380
557.48	0.04	-0.00356855
557.52	0.04	-0.00053594
557.56	0.04	0.00297328
557.60	0.04	0.00135315
557.64	0.04	-0.00106066
557.68	0.04	-0.00275983
557.72	0.04	-0.00100791
557.76	0.04	0.00043766
557.80	0.04	0.00306756
557.84	0.04	0.00171257
557.88	0.04	0.00560987
557.92	0.04	0.00303537
557.96	0.04	0.00485324
558.00	0.04	0.00564076
558.04	0.04	0.00667049
558.08	0.04	0.00498264
558.12	0.04	0.00160668
558.16	0.04	0.00327586
558.20	0.04	0.00284107
558.24	0.04	0.00390597
558.28	0.04	0.00357795
558.32	0.04	0.00284170
558.36	0.04	0.00426243
558.40	0.04	0.00355997
558.44	0.04	0.00292702
558.48	0.04	0.00308886
558.52	0.04	0.00191961
558.56	0.04	0.00184875
558.60	0.04	0.00239464
558.64	0.04	0.00389703
558.68	0.04	0.00840923
558.72	0.04	0.00470722
558.76	0.04	0.00387822
558.80	0.04	0.00247589
558.84	0.04	0.00354221
558.88	0.04	0.00239759
558.92	0.04	0.00086929
558.96	0.04	0.00015335
559.00	0.04	0.00006189
559.04	0.04	0.00226023
559.08	0.04	0.00105956
559.12	0.04	0.00073219
559.16	0.04	0.00024126
559.20	0.04	-0.00148157
559.24	0.04	-0.00089553
559.28	0.04	0.00059694
559.32	0.04	0.00121541
559.36	0.04	0.00157218
559.40	0.04	-0.00030341
559.44	0.04	0.00135868
559.48	0.04	0.00002845
559.52	0.04	0.00197574
559.56	0.04	0.00262376
559.60	0.04	0.00294862
559.64	0.04	0.00396036
559.68	0.04	0.00178625
559.72	0.04	0.00216555
559.76	0.04	0.00151934
559.80	0.04	0.00256778
559.84	0.04	0.00135463
559.88	0.04	0.00252556
559.92	0.04	0.00053351
559.96	0.04	-0.00044087
560.00	0.04	0.00264379
560.04	0.04	0.00230123
560.08	0.04	0.00178241
560.12	0.04	0.00025314
560.16	0.04	0.00052966
560.20	0.04	0.00156546
560.24	0.04	0.00308809
560.28	0.04	0.00357156
560.32	0.04	0.00402016
560.36	0.04	0.00645286
560.40	0.04	0.00405295
560.44	0.04	0.00343790
560.48	0.04	0.00180312
560.52	0.04	0.00200980
560.56	0.04	0.00092202
560.60	0.04	0.00104585
560.64	0.04	0.00129488
560.68	0.04	0.00183935
560.72	0.04	0.00008302
560.76	0.04	0.00099576
560.80	0.04	0.00042869
560.84	0.04	0.00099332
560.88	0.04	0.00054455
560.92	0.04	-0.00098304
560.96	0.04	-0.00144666
561.00	0.04	0.00181663
561.04	0.04	0.00267338
561.08	0.04	0.00102294
561.12	0.04	0.00000987
561.16	0.04	-0.00016627
561.20	0.04	-0.00108393
561.24	0.04	0.00091761
561.28	0.04	0.00215358
561.32	0.04	0.00045509
561.36	0.04	0.00112051
561.40	0.04	0.00257639
561.44	0.04	0.00447532
561.48	0.04	0.00449558
561.52	0.04	0.00337848
561.56	0.04	0.00092241
561.60	0.04	0.00082058
561.64	0.04	0.00136067
561.68	0.04	0.00416799
561.72	0.04	0.00394705
561.76	0.04	0.00326217
561.80	0.04	0.00370773
561.84	0.04	0.00554725
561.88	0.04	0.00701231
561.92	0.04	0.00467417
561.96	0.04	0.00414072
562.00	0.04	0.00362583
562.04	0.04	0.00613698
562.08	0.04	0.00462924
562.12	0.04	0.00439554
562.16	0.04	0.00221058
562.20	0.04	0.00030839
562.24	0.04	0.00128834
562.28	0.04	0.00004068
562.32	0.04	0.00247578
562.36	0.04	0.00238295
562.40	0.04	0.00236538
562.44	0.04	0.00057908
562.48	0.04	0.00063441
562.52	0.04	0.00115067
562.56	0.04	-0.00059606
562.60	0.04	-0.00015880
562.64	0.04	-0.00103430
562.68	0.04	-0.00154063
562.72	0.04	-0.00050012
562.76	0.04	-0.00019383
562.80	0.04	-0.00059808
562.84	0.04	-0.00042704
562.88	0.04	-0.00058782
562.92	0.04	-0.00033390
562.96	0.04	-0.00076890
563.00	0.04	0.00007100
563.04	0.04	0.00006163
563.08	0.04	-0.00014825
563.12	0.04	-0.00075737
563.16	0.04	-0.00119061
563.20	0.04	-0.00109345
563.24	0.04	0.00003805
563.28	0.04	-0.00098830
563.32	0.04	-0.00150933
563.36	0.04	-0.00119659
563.40	0.04	-0.00022626
563.44	0.04	-0.00051148
563.48	0.04	0.00027041
563.52	0.04	-0.00291994
563.56	0.04	0.00024998
563.60	0.04	-0.00015224
563.64	0.04	-0.00005177
563.68	0.04	-0.00002830
563.72	0.04	0.00023771
563.76	0.04	-0.00002854
563.80	0.04	0.00007022
563.84	0.04	0.00071097
563.88	0.04	0.00070765
563.92	0.04	0.00104115
563.96	0.04	0.00006411
564.00	0.04	0.00439557
564.04	0.04	0.00323365
564.08	0.04	0.00131092
564.12	0.04	0.00283611
564.16	0.04	0.00180854
564.20	0.04	0.00024249
564.24	0.04	0.00019553
564.28	0.04	0.00149363
564.32	0.04	0.00085257
564.36	0.04	0.00112472
564.40	0.04	-0.00113873
564.44	0.04	-0.00008513
564.48	0.04	0.00110142
564.52	0.04	0.00092383
564.56	0.04	0.00018047
564.60	0.04	-0.00038575
564.64	0.04	-0.00040322
564.68	0.04	0.00187064
564.72	0.04	0.00085224
564.76	0.04	0.00303557
564.80	0.04	0.00255393
564.84	0.04	0.00186021
564.88	0.04	0.00197972
564.92	0.04	0.00127705
564.96	0.04	0.00127536
565.00	0.04	0.00345679
565.04	0.04	0.00402178
565.08	0.04	0.00220614
565.12	0.04	0.00139228
565.16	0.04	0.00143311
565.20	0.04	0.00102520
565.24	0.04	0.00065829
565.28	0.04	0.00042858
565.32	0.04	0.00127621
565.36	0.04	0.00091510
565.40	0.04	0.00190195
565.44	0.04	0.00253958
565.48	0.04	0.00254219
565.52	0.04	0.00226394
565.56	0.04	0.00314492
565.60	0.04	0.00277447
565.64	0.04	0.00189081
565.68	0.04	0.00039498
565.72	0.04	0.00167701
565.76	0.04	0.00204886
565.80	0.04	0.00227492
565.84	0.04	0.00098225
565.88	0.04	0.00135997
565.92	0.04	-0.00091593
565.96	0.04	0.00065979
566.00	0.04	0.00085090
566.04	0.04	0.00048067
566.08	0.04	-0.00005256
566.12	0.04	-0.00433704
566.16	0.04	-0.00633507
566.20	0.04	-0.00236046
566.24	0.04	0.00016987
566.28	0.04	-0.00012675
566.32	0.04	-0.00067717
566.36	0.04	-0.00047294
566.40	0.04	-0.00019982
566.44	0.04	-0.00022949
566.48	0.04	-0.00063249
566.52	0.04	-0.00053422
566.56	0.04	0.00205578
566.60	0.04	0.00227452
566.64	0.04	0.00235440
566.68	0.04	0.00207005
566.72	0.04	0.00308060
566.76	0.04	0.00295037
566.80	0.04	0.00309514
566.84	0.04	0.00474927
566.88	0.04	0.00526893
566.92	0.04	-0.00046229
566.96	0.04	0.00242421
567.00	0.04	0.00259151
567.04	0.04	0.00045149
567.08	0.04	0.00147897
567.12	0.04	0.00143028
567.16	0.04	0.00120396
567.20	0.04	0.00487240
567.24	0.04	0.00436967
567.28	0.04	0.00177138
567.32	0.04	0.00449076
567.36	0.04	0.00653322
567.40	0.04	0.00307625
567.44	0.04	0.00057159
567.48	0.04	0.00232200
567.52	0.04	0.00359761
567.56	0.04	0.00399087
567.60	0.04	0.00494949
567.64	0.04	0.00288296
567.68	0.04	0.00093793
567.72	0.04	-0.00048847
567.76	0.04	0.00110573
567.80	0.04	0.00007229
567.84	0.04	0.00066388
567.88	0.04	-0.00247017
567.92	0.04	-0.00029516
567.96	0.04	0.00287291
568.00	0.04	0.00398540
568.04	0.04	0.00491550
568.08	0.04	-0.00059872
568.12	0.04	-0.00078750
568.16	0.04	-0.00097533
568.20	0.04	0.00097928
568.24	0.04	0.00001378
568.28	0.04	0.00268939
568.32	0.04	0.00331389
568.36	0.04	0.00451791
568.40	0.04	0.00507179
568.44	0.04	0.00453066
568.48	0.04	0.00443566
568.52	0.04	0.00361100
568.56	0.04	0.00304694
568.60	0.04	0.00685730
568.64	0.04	0.00685888
568.68	0.04	0.00514014
568.72	0.04	0.00702283
568.76	0.04	0.00367328
568.80	0.04	0.00405721
568.84	0.04	0.00484246
568.88	0.04	0.00499813
568.92	0.04	0.00484408
568.96	0.04	0.00448776
569.00	0.04	0.00596209
569.04	0.04	0.00413843
569.08	0.04	0.00381857
569.12	0.04	0.00521458
569.16	0.04	0.00492497
569.20	0.04	0.00389052
569.24	0.04	0.00240442
569.28	0.04	0.00235064
569.32	0.04	0.00179688
569.36	0.04	0.00094884
569.40	0.04	0.00044338
569.44	0.04	0.00145584
569.48	0.04	0.00052976
569.52	0.04	0.00027825
569.56	0.04	-0.00016599
569.60	0.04	0.00182160
569.64	0.04	-0.00026456
569.68	0.04	-0.00266064
569.72	0.04	-0.00088348
569.76	0.04	0.00241764
569.80	0.04	-0.00235910
569.84	0.04	0.00051522
569.88	0.04	-0.00341919
569.92	0.04	-0.00041651
569.96	0.04	-0.00041265
570.00	0.04	0.00084191
570.04	0.04	0.00034035
570.08	0.04	0.00098350
570.12	0.04	0.00011581
570.16	0.04	-0.00115850
570.20	0.04	0.00045770
570.24	0.04	0.00034443
570.28	0.04	-0.00020575
570.32	0.04	0.00097361
570.36	0.04	-0.00061768
570.40	0.04	-0.00056911
570.44	0.04	-0.00030761
570.48	0.04	0.00081433
570.52	0.04	-0.00072645
570.56	0.04	0.00096511
570.60	0.04	-0.00072092
570.64	0.04	-0.00015519
570.68	0.04	0.00014230
570.72	0.04	-0.00064597
570.76	0.04	0.00014389
570.80	0.04	0.00022459
570.84	0.04	0.00075137
570.88	0.04	0.00195378
570.92	0.04	0.00101213
570.96	0.04	0.00144417
571.00	0.04	0.00173453
571.04	0.04	0.00151074
571.08	0.04	0.00067182
571.12	0.04	0.00234853
571.16	0.04	0.00035971
571.20	0.04	0.00019733
571.24	0.04	0.00198866
571.28	0.04	0.00155316
571.32	0.04	0.00030194
571.36	0.04	0.00057834
571.40	0.04	0.00013787
571.44	0.04	0.00029739
571.48	0.04	-0.00000080
571.52	0.04	-0.00000962
571.56	0.04	0.00028360
571.60	0.04	0.00073872
571.64	0.04	0.00159501
571.68	0.04	0.00207071
571.72	0.04	0.00184416
571.76	0.04	0.00043828
571.80	0.04	0.00072058
571.84	0.04	0.00219531
571.88	0.04	-0.00023324
571.92	0.04	-0.00045814
571.96	0.04	0.00300351
572.00	0.04	0.00336705
572.04	0.04	0.00409266
572.08	0.04	0.00440655
572.12	0.04	0.00318456
572.16	0.04	0.00226459
572.20	0.04	0.00147438
572.24	0.04	-0.00008292
572.28	0.04	0.00127062
572.32	0.04	0.00220879
572.36	0.04	0.00367912
572.40	0.04	0.00342044
572.44	0.04	0.00276975
572.48	0.04	0.00343133
572.52	0.04	0.00256673
572.56	0.04	0.00452448
572.60	0.04	0.00298683
572.64	0.04	0.00203486
572.68	0.04	0.00172143
572.72	0.04	0.00034848
572.76	0.04	0.00313743
572.80	0.04	-0.00016326
572.84	0.04	-0.00042172
572.88	0.04	0.00023640
572.92	0.04	0.00390009
572.96	0.04	0.00264124
573.00	0.04	0.00328366
573.04	0.04	0.00089629
573.08	0.04	0.00113830
573.12	0.04	-0.00125403
573.16	0.04	-0.00180226
573.20	0.04	0.00150847
573.24	0.04	0.00210147
573.28	0.04	0.00308454
573.32	0.04	0.00041661
573.36	0.04	0.00043383
573.40	0.04	0.00017834
573.44	0.04	0.00148863
573.48	0.04	0.00148630
573.52	0.04	0.00104700
573.56	0.04	0.00166811
573.60	0.04	0.00091097
573.64	0.04	0.00034304
573.68	0.04	0.00075138
573.72	0.04	0.00229747
573.76	0.04	-0.00021985
573.80	0.04	0.00048329
573.84	0.04	0.00081162
573.88	0.04	-0.00033749
573.92	0.04	0.00334278
573.96	0.04	0.00140513
574.00	0.04	-0.00043938
574.04	0.04	0.00107655
574.08	0.04	-0.00040975
574.12	0.04	0.00099972
574.16	0.04	-0.00042335
574.20	0.04	-0.00084691
574.24	0.04	0.00167489
574.28	0.04	-0.00136697
574.32	0.04	0.00218055
574.36	0.04	0.00268571
574.40	0.04	0.00249447
574.44	0.04	0.00213778
574.48	0.04	0.00175516
574.52	0.04	0.00036408
574.56	0.04	0.00159309
574.60	0.04	0.00026638
574.64	0.04	0.00018522
574.68	0.04	-0.00069456
574.72	0.04	-0.00004749
574.76	0.04	0.00019761
574.80	0.04	0.00041522
574.84	0.04	0.00124482
574.88	0.04	-0.00090287
574.92	0.04	-0.00061760
574.96	0.04	0.00173480
575.00	0.04	0.00095419
575.04	0.04	-0.00136647
575.08	0.04	-0.00086324
575.12	0.04	-0.00004401
575.16	0.04	-0.00032746
575.20	0.04	-0.00011851
575.24	0.04	-0.00011450
575.28	0.04	0.00069968
575.32	0.04	0.00205005
575.36	0.04	0.00054838
575.40	0.04	0.00204544
575.44	0.04	0.00076582
575.48	0.04	0.00125287
575.52	0.04	0.00068309
575.56	0.04	-0.00002224
575.60	0.04	0.00063998
575.64	0.04	0.00106001
575.68	0.04	0.00124747
575.72	0.04	0.00066190
575.76	0.04	0.00122566
575.80	0.04	0.00185081
575.84	0.04	0.00065892
575.88	0.04	0.00039059
575.92	0.04	0.00150764
575.96	0.04	0.00086260
576.00	0.04	0.00139138
576.04	0.04	0.00217272
576.08	0.04	0.00295531
576.12	0.04	0.00262665
576.16	0.04	0.00280926
576.20	0.04	0.00045993
576.24	0.04	0.00063068
576.28	0.04	0.00032535
576.32	0.04	0.00073921
576.36	0.04	0.00037067
576.40	0.04	0.00035311
576.44	0.04	0.00070603
576.48	0.04	-0.00108814
576.52	0.04	0.00009377
576.56	0.04	0.00769496
576.60	0.04	0.00209415
576.64	0.04	0.00054850
576.68	0.04	0.00029627
576.72	0.04	0.00054154
576.76	0.04	0.00220111
576.80	0.04	0.00271085
576.84	0.04	0.00201322
576.88	0.04	0.00313150
576.92	0.04	0.00114563
576.96	0.04	0.00096122
577.00	0.04	0.00415025
577.04	0.04	0.00519728
577.08	0.04	0.00140654
577.12	0.04	0.00056595
577.16	0.04	0.00116502
577.20	0.04	0.00157650
577.24	0.04	0.00097707
577.28	0.04	0.00084851
577.32	0.04	0.00140969
577.36	0.04	0.00160065
577.40	0.04	0.00173061
577.44	0.04	0.00181087
577.48	0.04	0.00452000
577.52	0.04	0.00570085
577.56	0.04	0.00251095
577.60	0.04	0.00148388
577.64	0.04	0.00173801
577.68	0.04	0.00148892
577.72	0.04	0.00189695
577.76	0.04	0.00285938
577.80	0.04	0.00272081
577.84	0.04	0.00267779
577.88	0.04	0.00102610
577.92	0.04	0.00062201
577.96	0.04	0.00720812
578.00	0.04	0.00363731
578.04	0.04	0.00106410
578.08	0.04	0.00306837
578.12	0.04	0.00785243
578.16	0.04	0.00567977
578.20	0.04	0.00571246
578.24	0.04	0.00821832
578.28	0.04	0.00626524
578.32	0.04	0.00601722
578.36	0.04	0.00745781
578.40	0.04	0.00519557
578.44	0.04	0.00753124
578.48	0.04	0.01004184
578.52	0.04	0.00493078
578.56	0.04	0.00750621
578.60	0.04	0.00572775
578.64	0.04	0.00594901
578.68	0.04	0.00601448
578.72	0.04	0.00199369
578.76	0.04	0.00171704
578.80	0.04	0.00263990
578.84	0.04	0.00232769
578.88	0.04	0.00066795
578.92	0.04	0.00279428
578.96	0.04	0.00395442
579.00	0.04	0.00147005
579.04	0.04	0.00136078
579.08	0.04	0.00025597
579.12	0.04	-0.00028154
579.16	0.04	0.00151942
579.20	0.04	0.00056008
579.24	0.04	0.00124990
579.28	0.04	-0.00038097
579.32	0.04	0.00060900
579.36	0.04	0.00300450
579.40	0.04	0.00132163
579.44	0.04	-0.00020239
579.48	0.04	-0.00044184
579.52	0.04	0.00056507
579.56	0.04	-0.00027802
579.60	0.04	0.00153156
579.64	0.04	0.00048295
579.68	0.04	0.00040570
579.72	0.04	-0.00000286
579.76	0.04	0.00040767
579.80	0.04	0.00049252
579.84	0.04	0.00207093
579.88	0.04	0.00296183
579.92	0.04	0.00178598
579.96	0.04	-0.00012188
580.00	0.04	0.00032694
580.04	0.04	0.00049155
580.08	0.04	0.00056441
580.12	0.04	0.00131307
580.16	0.04	0.00037797
580.20	0.04	0.00002191
580.24	0.04	0.00015919
580.28	0.04	-0.00051432
580.32	0.04	0.01639362
580.36	0.04	0.00105719
580.40	0.04	0.00085343
580.44	0.04	-0.00000686
580.48	0.04	0.00013511
580.52	0.04	0.00038525
580.56	0.04	0.00008855
580.60	0.04	0.00100802
580.64	0.04	0.00081079
580.68	0.04	-0.00040466
580.72	0.04	0.00035343
580.76	0.04	-0.00032749
580.80	0.04	0.00716475
580.84	0.04	0.00045624
580.88	0.04	0.00108875
580.92	0.04	0.00005535
580.96	0.04	-0.00008312
581.00	0.04	0.00019122
581.04	0.04	0.00086395
581.08	0.04	0.00065873
581.12	0.04	-0.00027796
581.16	0.04	-0.00004862
581.20	0.04	-0.00002554
581.24	0.04	-0.00009050
581.28	0.04	0.00017122
581.32	0.04	-0.00014976
581.36	0.04	-0.00076241
581.40	0.04	-0.00140605
581.44	0.04	-0.00039756
581.48	0.04	-0.00058751
581.52	0.04	-0.00028705
581.56	0.04	0.00007342
581.60	0.04	-0.00021024
581.64	0.04	-0.00008668
581.68	0.04	-0.00013380
581.72	0.04	0.00051129
581.76	0.04	0.00300569
581.80	0.04	0.00026813
581.84	0.04	-0.00020747
581.88	0.04	-0.00024098
581.92	0.04	0.00000409
581.96	0.04	-0.00009136
582.00	0.04	0.00273665
582.04	0.04	-0.00008511
582.08	0.04	-0.00014238
582.12	0.04	-0.00019859
582.16	0.04	0.00000473
582.20	0.04	0.00173931
582.24	0.04	0.00853383
582.28	0.04	-0.00001676
582.32	0.04	-0.00051038
582.36	0.04	-0.00015277
582.40	0.04	0.00015348
582.44	0.04	-0.00053121
582.48	0.04	0.00066232
582.52	0.04	-0.00009909
582.56	0.04	-0.00002869
582.60	0.04	-0.00003342
582.64	0.04	0.00021440
582.68	0.04	0.00918451
582.72	0.04	0.00360227
582.76	0.04	-0.00008036
582.80	0.04	0.00011228
582.84	0.04	0.00007714
582.88	0.04	0.00006488
582.92	0.04	0.00239919
582.96	0.04	0.00085843
583.00	0.04	0.00017324
583.04	0.04	-0.00042913
583.08	0.04	-0.00023031
583.12	0.04	0.00013470
583.16	0.04	0.00554308
583.20	0.04	-0.00051061
583.24	0.04	-0.00107136
583.28	0.04	-0.00121203
583.32	0.04	0.00072199
583.36	0.04	0.00102920
583.40	0.04	-0.00100619
583.44	0.04	-0.00015818
583.48	0.04	-0.00022166
583.52	0.04	-0.00011840
583.56	0.04	-0.00015925
583.60	0.04	0.00138654
583.64	0.04	0.00246757
583.68	0.04	0.00060415
583.72	0.04	0.00006550
583.76	0.04	-0.00018978
583.80	0.04	0.00006731
583.84	0.04	0.00020456
583.88	0.04	0.00206274
583.92	0.04	0.00024604
583.96	0.04	0.00044891
584.00	0.04	0.00006359
584.04	0.04	-0.00005902
584.08	0.04	0.00654403
584.12	0.04	0.01508598
584.16	0.04	0.00116768
584.20	0.04	-0.00015483
584.24	0.04	-0.00111253
584.28	0.04	-0.00060971
584.32	0.04	0.00014094
584.36	0.04	0.00220010
584.40	0.04	0.00009972
584.44	0.04	-0.00008427
584.48	0.04	0.00004702
584.52	0.04	-0.00007086
584.56	0.04	0.00219215
584.60	0.04	0.00927934
584.64	0.04	0.00050866
584.68	0.04	0.00007540
584.72	0.04	-0.00002651
584.76	0.04	0.00046606
584.80	0.04	0.00054526
584.84	0.04	0.00224665
584.88	0.04	0.00077352
584.92	0.04	0.00029213
584.96	0.04	0.00010188
585.00	0.04	0.00007139
585.04	0.04	0.00369034
585.08	0.04	0.00022516
585.12	0.04	0.00089884
585.16	0.04	-0.00000930
585.20	0.04	-0.00006964
585.24	0.04	0.00007809
585.28	0.04	0.00027131
585.32	0.04	0.00023863
585.36	0.04	0.00015439
585.40	0.04	-0.00037020
585.44	0.04	0.00043788
585.48	0.04	0.00009095
585.52	0.04	0.00253327
585.56	0.04	-0.00072455
585.60	0.04	-0.00044743
585.64	0.04	-0.00040868
585.68	0.04	-0.00020722
585.72	0.04	-0.00034763
585.76	0.04	0.00008619
585.80	0.04	0.00113013
585.84	0.04	0.00004334
585.88	0.04	-0.00048684
585.92	0.04	-0.00013380
585.96	0.04	-0.00000567
586.00	0.04	0.00134077
586.04	0.04	0.00132776
586.08	0.04	-0.00023354
586.12	0.04	-0.00015037
586.16	0.04	0.00025390
586.20	0.04	0.00044784
586.24	0.04	-0.00045042
586.28	0.04	0.00025806
586.32	0.04	-0.00074614
586.36	0.04	-0.00017713
586.40	0.04	0.00011251
586.44	0.04	0.00047714
586.48	0.04	0.00449518
586.52	0.04	0.00070036
586.56	0.04	-0.00065975
586.60	0.04	-0.00047709
586.64	0.04	-0.00043007
586.68	0.04	-0.00011390
586.72	0.04	0.00540430
586.76	0.04	-0.00167598
586.80	0.04	-0.00056511
586.84	0.04	-0.00030469
586.88	0.04	-0.00052019
586.92	0.04	0.00118622
586.96	0.04	-0.00056817
587.00	0.04	-0.00023796
587.04	0.04	-0.00008730
587.08	0.04	0.00033815
587.12	0.04	0.00018885
587.16	0.04	-0.00004871
587.20	0.04	-0.00034457
587.24	0.04	0.00005692
587.28	0.04	-0.00014791
587.32	0.04	0.00173194
587.36	0.04	-0.00026586
587.40	0.04	-0.00021476
587.44	0.04	-0.00686656
587.48	0.04	-0.00561834
587.52	0.04	-0.00173876
587.56	0.04	0.00002997
587.60	0.04	0.00055103
587.64	0.04	-0.00042007
587.68	0.04	0.00081078
587.72	0.04	-0.00013145
587.76	0.04	-0.00007935
587.80	0.04	-0.00015665
587.84	0.04	0.00030154
587.88	0.04	-0.00173558
587.92	0.04	0.00084269
587.96	0.04	-0.00644968
588.00	0.04	-0.00502949
588.04	0.04	-0.00159098
588.08	0.04	-0.00042263
588.12	0.04	-0.00072226
588.16	0.04	-0.00188886
588.20	0.04	0.00011489
588.24	0.04	0.00052244
588.28	0.04	-0.00077073
588.32	0.04	0.00027179
588.36	0.04	-0.00130736
588.40	0.04	-0.00175122
588.44	0.04	-0.00027596
588.48	0.04	-0.00061457
588.52	0.04	-0.00026354
588.56	0.04	-0.00017852
588.60	0.04	0.00018958
588.64	0.04	-0.00459397
588.68	0.04	-0.00059002
588.72	0.04	-0.00011520
588.76	0.04	-0.00033758
588.80	0.04	-0.00014220
588.84	0.04	-0.00411609
588.88	0.04	-0.01064371
588.92	0.04	-0.00218826
588.96	0.04	-0.00097428
589.00	0.04	-0.00110798
589.04	0.04	-0.00010937
589.08	0.04	-0.00212263
589.12	0.04	-0.00114296
589.16	0.04	0.00038256
589.20	0.04	0.00084106
589.24	0.04	0.00036153
589.28	0.04	0.00034255
589.32	0.04	0.00025298
589.36	0.04	-0.00408136
589.40	0.04	0.00059050
589.44	0.04	-0.00398255
589.48	0.04	-0.00000244
589.52	0.04	-0.00139170
589.56	0.04	-0.00180115
589.60	0.04	0.00036752
589.64	0.04	-0.00067505
589.68	0.04	-0.00004289
589.72	0.04	-0.00023961
589.76	0.04	-0.00086209
589.80	0.04	0.00341313
589.84	0.04	0.00147265
589.88	0.04	-0.00229859
589.92	0.04	-0.00123566
589.96	0.04	-0.00024012
590.00	0.04	-0.00015553
590.04	0.04	-0.00102158
590.08	0.04	0.00032594
590.12	0.04	-0.00004217
590.16	0.04	-0.00016201
590.20	0.04	0.00026299
590.24	0.04	-0.00078970
590.28	0.04	0.00285467
590.32	0.04	-0.00327707
590.36	0.04	-0.00014284
590.40	0.04	-0.00065773
590.44	0.04	-0.00027789
590.48	0.04	-0.00060088
590.52	0.04	-0.00213207
590.56	0.04	0.00025415
590.60	0.04	-0.00003218
590.64	0.04	0.00002692
590.68	0.04	-0.00090038
590.72	0.04	-0.00559609
590.76	0.04	-0.00546827
590.80	0.04	-0.00681224
590.84	0.04	0.00242731
590.88	0.04	-0.00263854
590.92	0.04	-0.00524090
590.96	0.04	-0.01576742
591.00	0.04	-0.00977346
591.04	0.04	-0.00089353
591.08	0.04	-0.00039543
591.12	0.04	-0.00105123
591.16	0.04	-0.00024632
591.20	0.04	0.00172943
591.24	0.04	-0.00102329
591.28	0.04	-0.00151064
591.32	0.04	-0.00044785
591.36	0.04	-0.00034036
591.40	0.04	-0.00011743
591.44	0.04	-0.00204397
591.48	0.04	0.00227189
591.52	0.04	0.00001286
591.56	0.04	-0.00014354
591.60	0.04	-0.00016914
591.64	0.04	-0.00039871
591.68	0.04	0.00193650
591.72	0.04	0.00325770
591.76	0.04	-0.00461005
591.80	0.04	-0.00280060
591.84	0.04	-0.00346932
591.88	0.04	-0.00238122
591.92	0.04	-0.00791738
591.96	0.04	-0.00452954
592.00	0.04	-0.00201852
592.04	0.04	-0.00049198
592.08	0.04	-0.00067155
592.12	0.04	-0.00041189
592.16	0.04	0.00177598
592.20	0.04	0.00072704
592.24	0.04	-0.00123113
592.28	0.04	-0.00129430
592.32	0.04	-0.00092270
592.36	0.04	-0.00007105
592.40	0.04	-0.00042969
592.44	0.04	0.00016220
592.48	0.04	0.00012627
592.52	0.04	-0.00009511
592.56	0.04	-0.00034094
592.60	0.04	-0.00024507
592.64	0.04	-0.00153556
592.68	0.04	-0.00137382
592.72	0.04	-0.00143641
592.76	0.04	-0.00108436
592.80	0.04	-0.00059809
592.84	0.04	-0.00042012
592.88	0.04	-0.00173555
592.92	0.04	-0.00039839
592.96	0.04	0.00041890
593.00	0.04	-0.00002046
593.04	0.04	-0.00032893
593.08	0.04	0.00051605
593.12	0.04	-0.00039758
593.16	0.04	0.00066535
593.20	0.04	-0.00019118
593.24	0.04	0.00021237
593.28	0.04	-0.00002297
593.32	0.04	-0.00053545
593.36	0.04	0.00052664
593.40	0.04	0.00075085
593.44	0.04	-0.00026506
593.48	0.04	-0.00014838
593.52	0.04	-0.00013040
593.56	0.04	-0.00623458
593.60	0.04	0.00900605
593.64	0.04	0.00319910
593.68	0.04	-0.00093105
593.72	0.04	-0.00142737
593.76	0.04	-0.00109103
593.80	0.04	-0.00263544
593.84	0.04	-0.00153051
593.88	0.04	-0.00140320
593.92	0.04	-0.00028047
593.96	0.04	0.00010294
594.00	0.04	-0.00049726
594.04	0.04	-0.00109859
594.08	0.04	0.00267162
594.12	0.04	-0.00120704
594.16	0.04	-0.00201674
594.20	0.04	-0.00146430
594.24	0.04	-0.00050496
594.28	0.04	-0.00103281
594.32	0.04	0.00013609
594.36	0.04	-0.00049285
594.40	0.04	-0.00045164
594.44	0.04	-0.00049196
594.48	0.04	-0.00013861
594.52	0.04	-0.00280450
594.56	0.04	-0.00278762
594.60	0.04	-0.00861308
594.64	0.04	-0.00227954
594.68	0.04	-0.00287219
594.72	0.04	-0.00055884
594.76	0.04	-0.00317545
594.80	0.04	-0.00082079
594.84	0.04	-0.00221277
594.88	0.04	-0.00211464
594.92	0.04	-0.00030853
594.96	0.04	-0.00035664
595.00	0.04	-0.00030552
595.04	0.04	-0.00013229
595.08	0.04	-0.00056626
595.12	0.04	0.00004294
595.16	0.04	0.00059214
595.20	0.04	-0.00009138
595.24	0.04	0.00004607
595.28	0.04	0.00017964
595.32	0.04	-0.00027703
595.36	0.04	-0.00019145
595.40	0.04	-0.00028483
595.44	0.04	0.00009303
595.48	0.04	0.00033724
595.52	0.04	0.00097875
595.56	0.04	0.00006080
595.60	0.04	-0.00077557
595.64	0.04	-0.00151539
595.68	0.04	-0.00005661
595.72	0.04	0.00033284
595.76	0.04	0.00003797
595.80	0.04	0.00021345
595.84	0.04	0.00032661
595.88	0.04	0.00005756
595.92	0.04	-0.00021627
595.96	0.04	-0.00018233
596.00	0.04	0.00346591
596.04	0.04	0.00282887
596.08	0.04	0.00100018
596.12	0.04	0.00030594
596.16	0.04	0.00016778
596.20	0.04	-0.00070874
596.24	0.04	0.00089455
596.28	0.04	0.00103254
596.32	0.04	-0.00054329
596.36	0.04	-0.00061397
596.40	0.04	-0.00028972
596.44	0.04	-0.00156576
596.48	0.04	0.00421426
596.52	0.04	0.00131515
596.56	0.04	-0.00093415
596.60	0.04	-0.00113201
596.64	0.04	-0.00074785
596.68	0.04	-0.00098268
596.72	0.04	-0.00011540
596.76	0.04	-0.00084372
596.80	0.04	-0.00048304
596.84	0.04	-0.00000935
596.88	0.04	-0.00000666
596.92	0.04	0.00005181
596.96	0.04	0.00039526
597.00	0.04	0.00004740
597.04	0.04	-0.00005311
597.08	0.04	-0.00012456
597.12	0.04	-0.00002038
597.16	0.04	0.00042763
597.20	0.04	0.00279161
597.24	0.04	0.00006287
597.28	0.04	-0.00019512
597.32	0.04	-0.00027943
597.36	0.04	-0.00035601
597.40	0.04	-0.00101804
597.44	0.04	-0.00064177
597.48	0.04	-0.00008815
597.52	0.04	-0.00051797
597.56	0.04	-0.00013543
597.60	0.04	-0.00004772
597.64	0.04	-0.00032580
597.68	0.04	-0.00012560
597.72	0.04	0.00035249
597.76	0.04	-0.00042226
597.80	0.04	-0.00025437
597.84	0.04	-0.00004700
597.88	0.04	-0.00054200
597.92	0.04	-0.00068070
597.96	0.04	-0.00130297
598.00	0.04	-0.00112826
598.04	0.04	-0.00054152
598.08	0.04	-0.00061561
598.12	0.04	0.00296675
598.16	0.04	0.00172052
598.20	0.04	-0.00111148
598.24	0.04	-0.00219494
598.28	0.04	-0.00258281
598.32	0.04	-0.00129889
598.36	0.04	-0.00233696
598.40	0.04	-0.00189608
598.44	0.04	-0.00174928
598.48	0.04	-0.00200659
598.52	0.04	-0.00133929
598.56	0.04	-0.00077877
598.60	0.04	-0.00240779
598.64	0.04	-0.00188676
598.68	0.04	-0.00177719
598.72	0.04	-0.00169167
598.76	0.04	-0.00148461
598.80	0.04	-0.00117085
598.84	0.04	-0.00307035
598.88	0.04	-0.00197881
598.92	0.04	-0.00272315
598.96	0.04	-0.00297878
599.00	0.04	-0.00066459
599.04	0.04	-0.00116093
599.08	0.04	0.00018970
599.12	0.04	-0.00243206
599.16	0.04	-0.00282167
599.20	0.04	-0.00516964
599.24	0.04	-0.00624130
599.28	0.04	-0.00554784
599.32	0.04	-0.00358646
599.36	0.04	-0.00274027
599.40	0.04	-0.00306392
599.44	0.04	-0.00299644
599.48	0.04	-0.00289668
599.52	0.04	-0.00309871
599.56	0.04	-0.00207490
599.60	0.04	-0.00135572
599.64	0.04	-0.00118993
599.68	0.04	-0.00128142
599.72	0.04	-0.00125606
599.76	0.04	-0.00291150
599.80	0.04	0.00174563
599.84	0.04	-0.00074373
599.88	0.04	-0.00065401
599.92	0.04	-0.00196834
599.96	0.04	-0.00098067
600.00	0.04	-0.00397067
600.04	0.04	-0.00055908
600.08	0.04	-0.00291338
600.12	0.04	-0.00248525
600.16	0.04	-0.00229674
600.20	0.04	-0.00253960
600.24	0.04	-0.00435862
600.28	0.04	-0.00102368
600.32	0.04	-0.00235011
600.36	0.04	-0.00260577
600.40	0.04	-0.00252214
600.44	0.04	-0.00194701
600.48	0.04	-0.00446129
600.52	0.04	-0.00270478
600.56	0.04	-0.00203317
600.60	0.04	-0.00297204
600.64	0.04	-0.00192747
600.68	0.04	-0.00079159
600.72	0.04	-0.00189134
600.76	0.04	-0.00017463
600.80	0.04	-0.00087003
600.84	0.04	-0.00259545
600.88	0.04	-0.00125978
600.92	0.04	-0.00161092
600.96	0.04	0.00358436
601.00	0.04	0.00113997
601.04	0.04	-0.00032346
601.08	0.04	-0.00119929
601.12	0.04	-0.00121462
601.16	0.04	-0.00019862
601.20	0.04	0.00600512
601.24	0.04	0.00356269
601.28	0.04	-0.00026619
601.32	0.04	-0.00079742
601.36	0.04	-0.00060422
601.40	0.04	-0.00024425
601.44	0.04	-0.00050038
601.48	0.04	0.00056461
601.52	0.04	0.00150944
601.56	0.04	0.00124764
601.60	0.04	0.00075394
601.64	0.04	-0.00041235
601.68	0.04	0.00723913
601.72	0.04	0.00168175
601.76	0.04	-0.00018523
601.80	0.04	-0.00049628
601.84	0.04	-0.00016454
601.88	0.04	-0.00087569
601.92	0.04	0.00723089
601.96	0.04	0.00170009
602.00	0.04	-0.00053297
602.04	0.04	-0.00089566
602.08	0.04	0.00015704
602.12	0.04	-0.00037395
602.16	0.04	0.00345257
602.20	0.04	0.00237416
602.24	0.04	-0.00017750
602.28	0.04	-0.00134655
602.32	0.04	-0.00011946
602.36	0.04	-0.00044140
602.40	0.04	-0.00039684
602.44	0.04	0.00034652
602.48	0.04	-0.00121915
602.52	0.04	-0.00107106
602.56	0.04	-0.00075849
602.60	0.04	-0.00101929
602.64	0.04	0.00195152
602.68	0.04	0.00358667
602.72	0.04	-0.00156136
602.76	0.04	-0.00574557
602.80	0.04	-0.00361526
602.84	0.04	-0.00258219
602.88	0.04	0.00271032
602.92	0.04	0.00302662
602.96	0.04	0.00026865
603.00	0.04	-0.00082589
603.04	0.04	-0.00106234
603.08	0.04	-0.00022185
603.12	0.04	0.00088420
603.16	0.04	0.00743743
603.20	0.04	-0.00030579
603.24	0.04	-0.00091312
603.28	0.04	-0.00118866
603.32	0.04	-0.00040455
603.36	0.04	-0.00009395
603.40	0.04	-0.00001030
603.44	0.04	0.00049996
603.48	0.04	-0.00009364
603.52	0.04	-0.00037604
603.56	0.04	-0.00018796
603.60	0.04	0.00458336
603.64	0.04	0.00002091
603.68	0.04	0.00131624
603.72	0.04	-0.00011011
603.76	0.04	0.00010494
603.80	0.04	-0.00004786
603.84	0.04	0.00536464
603.88	0.04	0.00327995
603.92	0.04	-0.00062245
603.96	0.04	-0.00100025
604.00	0.04	-0.00097544
604.04	0.04	-0.00063943
604.08	0.04	0.00983180
604.12	0.04	0.00473985
604.16	0.04	0.00067852
604.20	0.04	-0.00099298
604.24	0.04	-0.00083207
604.28	0.04	-0.00046012
604.32	0.04	-0.00056376
604.36	0.04	0.00016128
604.40	0.04	0.00001459
604.44	0.04	-0.00018221
604.48	0.04	-0.00013113
604.52	0.04	-0.00040583
604.56	0.04	0.00259493
604.60	0.04	0.00052198
604.64	0.04	-0.00009995
604.68	0.04	0.00006472
604.72	0.04	0.00003667
604.76	0.04	0.00007572
604.80	0.04	0.00416088
604.84	0.04	0.00001680
604.88	0.04	0.00005592
604.92	0.04	-0.00009322
604.96	0.04	0.00000866
605.00	0.04	0.00007906
605.04	0.04	0.00546347
605.08	0.04	0.00049169
605.12	0.04	-0.00014008
605.16	0.04	-0.00018971
605.20	0.04	0.00008627
605.24	0.04	-0.00008578
605.28	0.04	0.00049179
605.32	0.04	0.00074864
605.36	0.04	0.00010273
605.40	0.04	-0.00001583
605.44	0.04	-0.00033871
605.48	0.04	0.00016805
605.52	0.04	0.00430695
605.56	0.04	0.00018439
605.60	0.04	-0.00022554
605.64	0.04	-0.00035282
605.68	0.04	-0.00036992
605.72	0.04	0.00072803
605.76	0.04	0.00141814
605.80	0.04	0.00018516
605.84	0.04	-0.00010658
605.88	0.04	-0.00051655
605.92	0.04	-0.00028099
605.96	0.04	-0.00077039
606.00	0.04	-0.00062769
606.04	0.04	0.00134861
606.08	0.04	0.00022536
606.12	0.04	0.00001391
606.16	0.04	-0.00065875
606.20	0.04	-0.00051305
606.24	0.04	0.00086198
606.28	0.04	-0.00029580
606.32	0.04	0.00011235
606.36	0.04	-0.00039870
606.40	0.04	-0.00035350
606.44	0.04	-0.00056914
606.48	0.04	0.00060378
606.52	0.04	0.00059004
606.56	0.04	-0.00003707
606.60	0.04	-0.00034478
606.64	0.04	-0.00002443
606.68	0.04	-0.00004028
606.72	0.04	0.00013775
606.76	0.04	-0.00075346
606.80	0.04	-0.00061257
606.84	0.04	-0.00054147
606.88	0.04	-0.00145061
606.92	0.04	-0.00063614
606.96	0.04	-0.00133087
607.00	0.04	0.00276613
607.04	0.04	-0.00034159
607.08	0.04	-0.00085529
607.12	0.04	-0.00048151
607.16	0.04	0.00007455
607.20	0.04	0.00078544
607.24	0.04	0.00134471
607.28	0.04	-0.00002973
607.32	0.04	0.00021878
607.36	0.04	-0.00019100
607.40	0.04	-0.00010295
607.44	0.04	0.00243249
607.48	0.04	0.00225332
607.52	0.04	0.00065009
607.56	0.04	0.00017951
607.60	0.04	0.00001482
607.64	0.04	-0.00006910
607.68	0.04	0.00104188
607.72	0.04	0.00155271
607.76	0.04	0.00031773
607.80	0.04	0.00077974
607.84	0.04	0.00024158
607.88	0.04	0.00019348
607.92	0.04	-0.00055514
607.96	0.04	0.00033880
608.00	0.04	0.00013946
608.04	0.04	-0.00039375
608.08	0.04	-0.00034756
608.12	0.04	-0.00010028
608.16	0.04	0.00060101
608.20	0.04	0.00104693
608.24	0.04	-0.00044540
608.28	0.04	-0.00018395
608.32	0.04	-0.00065165
608.36	0.04	-0.00004297
608.40	0.04	0.00215134
608.44	0.04	0.00131608
608.48	0.04	0.00045605
608.52	0.04	0.00012722
608.56	0.04	-0.00040274
608.60	0.04	-0.00129416
608.64	0.04	0.00338217
608.68	0.04	0.00073111
608.72	0.04	0.00019594
608.76	0.04	0.00003807
608.80	0.04	-0.00022132
608.84	0.04	-0.00007362
608.88	0.04	0.00567186
608.92	0.04	0.00175402
608.96	0.04	0.00003322
609.00	0.04	0.00003684
609.04	0.04	-0.00037268
609.08	0.04	0.00013884
609.12	0.04	0.00157127
609.16	0.04	-0.00024475
609.20	0.04	-0.00178079
609.24	0.04	-0.00184613
609.28	0.04	-0.00042352
609.32	0.04	0.00019729
609.36	0.04	0.00371044
609.40	0.04	-0.00033537
609.44	0.04	-0.00015661
609.48	0.04	-0.00022267
609.52	0.04	-0.00093473
609.56	0.04	-0.00063908
609.60	0.04	0.00318821
609.64	0.04	0.00044745
609.68	0.04	-0.00033442
609.72	0.04	-0.00089859
609.76	0.04	-0.00016986
609.80	0.04	0.00024477
609.84	0.04	0.00418298
609.88	0.04	0.00140899
609.92	0.04	0.00094844
609.96	0.04	0.00034606
610.00	0.04	0.00023688
610.04	0.04	-0.00018706
610.08	0.04	0.00788640
610.12	0.04	0.00165093
610.16	0.04	0.00031243
610.20	0.04	-0.00024821
610.24	0.04	0.00019072
610.28	0.04	0.00139521
610.32	0.04	0.00248893
610.36	0.04	0.00098555
610.40	0.04	-0.00035182
610.44	0.04	0.00019294
610.48	0.04	-0.00101714
610.52	0.04	-0.00315041
610.56	0.04	-0.00226359
610.60	0.04	-0.00140392
610.64	0.04	-0.00119299
610.68	0.04	-0.00160792
610.72	0.04	0.00058969
610.76	0.04	0.00035168
610.80	0.04	0.00455520
610.84	0.04	0.00196160
610.88	0.04	-0.00052546
610.92	0.04	-0.00053809
610.96	0.04	-0.00016088
611.00	0.04	-0.00002620
611.04	0.04	0.00047738
611.08	0.04	0.00060130
611.12	0.04	0.00011950
611.16	0.04	-0.00013928
611.20	0.04	0.00008619
611.24	0.04	0.00065770
611.28	0.04	0.00209679
611.32	0.04	0.00100396
611.36	0.04	-0.00032385
611.40	0.04	-0.00000329
611.44	0.04	-0.00320996
611.48	0.04	-0.00051325
611.52	0.04	-0.00043052
611.56	0.04	0.00039184
611.60	0.04	0.00017685
611.64	0.04	-0.00004251
611.68	0.04	0.00049606
611.72	0.04	0.00294969
611.76	0.04	0.00378687
611.80	0.04	0.00100149
611.84	0.04	0.00010599
611.88	0.04	-0.00047426
611.92	0.04	0.00061548
611.96	0.04	0.00045961
612.00	0.04	0.00041576
612.04	0.04	-0.00026589
612.08	0.04	0.00006096
612.12	0.04	0.00009995
612.16	0.04	-0.00036693
612.20	0.04	0.00188063
612.24	0.04	0.00069503
612.28	0.04	0.00071219
612.32	0.04	0.00006396
612.36	0.04	-0.00013534
612.40	0.04	-0.00070379
612.44	0.04	-0.00043912
612.48	0.04	0.00104893
612.52	0.04	-0.00157371
612.56	0.04	0.00025795
612.60	0.04	-0.00010760
612.64	0.04	-0.00052608
612.68	0.04	0.00502771
612.72	0.04	0.00538498
612.76	0.04	0.00043047
612.80	0.04	-0.00000496
612.84	0.04	-0.00128418
612.88	0.04	-0.00063724
612.92	0.04	0.00066253
612.96	0.04	0.00046225
613.00	0.04	0.00028384
613.04	0.04	-0.00010693
613.08	0.04	0.00032374
613.12	0.04	-0.00002641
613.16	0.04	0.00432658
613.20	0.04	0.00074523
613.24	0.04	0.00057813
613.28	0.04	0.00027858
613.32	0.04	0.00004387
613.36	0.04	-0.00023038
613.40	0.04	0.00532095
613.44	0.04	0.00257873
613.48	0.04	0.00062771
613.52	0.04	0.00056357
613.56	0.04	-0.00079559
613.60	0.04	-0.00182976
613.64	0.04	0.00139049
613.68	0.04	0.00111233
613.72	0.04	-0.00034804
613.76	0.04	0.00066526
613.80	0.04	-0.00054989
613.84	0.04	0.00050012
613.88	0.04	0.00278589
613.92	0.04	0.00239237
613.96	0.04	0.00102113
614.00	0.04	0.00038825
614.04	0.04	0.00071579
614.08	0.04	0.00039536
614.12	0.04	0.00322424
614.16	0.04	0.00104370
614.20	0.04	0.00091592
614.24	0.04	0.00041360
614.28	0.04	0.00015795
614.32	0.04	-0.00018157
614.36	0.04	0.00385974
614.40	0.04	-0.00007089
614.44	0.04	0.00010947
614.48	0.04	-0.00135554
614.52	0.04	-0.00134938
614.56	0.04	0.00057143
614.60	0.04	0.00403438
614.64	0.04	0.00327266
614.68	0.04	0.00112644
614.72	0.04	0.00045884
614.76	0.04	0.00012427
614.80	0.04	0.00047840
614.84	0.04	0.00033748
614.88	0.04	-0.00001420
614.92	0.04	0.00031207
614.96	0.04	0.00022535
615.00	0.04	-0.00037265
615.04	0.04	0.00013736
615.08	0.04	0.00494873
615.12	0.04	0.00206761
615.16	0.04	0.00182213
615.20	0.04	0.00019578
615.24	0.04	0.00033139
615.28	0.04	0.00070889
615.32	0.04	0.00860585
615.36	0.04	0.00137112
615.40	0.04	0.00008702
615.44	0.04	0.00025340
615.48	0.04	-0.00066716
615.52	0.04	0.00336042
615.56	0.04	0.00509951
615.60	0.04	0.00385955
615.64	0.04	0.00103763
615.68	0.04	0.00019445
615.72	0.04	-0.00067059
615.76	0.04	0.00200450
615.80	0.04	0.00172809
615.84	0.04	0.00079869
615.88	0.04	0.00068441
615.92	0.04	-0.00001612
615.96	0.04	-0.00037144
616.00	0.04	0.00231127
616.04	0.04	0.00192856
616.08	0.04	0.00011816
616.12	0.04	-0.00000734
616.16	0.04	-0.00015404
616.20	0.04	-0.00048955
616.24	0.04	0.00260046
616.28	0.04	-0.00000893
616.32	0.04	-0.00174331
616.36	0.04	-0.00091571
616.40	0.04	-0.00110102
616.44	0.04	-0.00073786
616.48	0.04	0.00170131
616.52	0.04	0.00174465
616.56	0.04	0.00012546
616.60	0.04	0.00034892
616.64	0.04	0.00074788
616.68	0.04	0.00048269
616.72	0.04	0.00456908
616.76	0.04	0.00153501
616.80	0.04	-0.00045406
616.84	0.04	-0.00068700
616.88	0.04	-0.00043315
616.92	0.04	-0.00015341
616.96	0.04	0.00184781
617.00	0.04	0.00077682
617.04	0.04	0.00056376
617.08	0.04	0.00006184
617.12	0.04	0.00010406
617.16	0.04	0.00008436
617.20	0.04	0.00472941
617.24	0.04	0.00001555
617.28	0.04	0.00083673
617.32	0.04	0.00001190
617.36	0.04	-0.00003735
617.40	0.04	0.00007079
617.44	0.04	0.00428161
617.48	0.04	0.00309992
617.52	0.04	0.00098025
617.56	0.04	0.00031856
617.60	0.04	0.00024252
617.64	0.04	0.00015337
617.68	0.04	0.00405757
617.72	0.04	0.00270485
617.76	0.04	0.00139166
617.80	0.04	0.00054895
617.84	0.04	0.00109690
617.88	0.04	0.00135655
617.92	0.04	0.00300751
617.96	0.04	0.00151542
618.00	0.04	0.00229795
618.04	0.04	0.00057862
618.08	0.04	0.00085340
618.12	0.04	0.00085063
618.16	0.04	0.00262884
618.20	0.04	0.00169103
618.24	0.04	0.00106266
618.28	0.04	-0.00022393
618.32	0.04	-0.00010886
618.36	0.04	0.00042576
618.40	0.04	0.00383517
618.44	0.04	0.00122881
618.48	0.04	0.00099605
618.52	0.04	0.00059452
618.56	0.04	0.00007459
618.60	0.04	0.00081047
618.64	0.04	0.00074009
618.68	0.04	0.00072871
618.72	0.04	0.00005508
618.76	0.04	-0.00027638
618.80	0.04	0.00002288
618.84	0.04	0.00054694
618.88	0.04	0.00324069
618.92	0.04	0.00152724
618.96	0.04	0.00029929
619.00	0.04	-0.00048847
619.04	0.04	-0.00031359
619.08	0.04	0.00026197
619.12	0.04	0.00222894
619.16	0.04	0.00149856
619.20	0.04	0.00025165
619.24	0.04	0.00063162
619.28	0.04	-0.00002663
619.32	0.04	0.00069168
619.36	0.04	0.00311086
619.40	0.04	0.00162755
619.44	0.04	0.00013720
619.48	0.04	0.00007174
619.52	0.04	-0.00032530
619.56	0.04	0.00008826
619.60	0.04	0.00493282
619.64	0.04	0.00327851
619.68	0.04	0.00268962
619.72	0.04	0.00125966
619.76	0.04	0.00231858
619.80	0.04	0.00278282
619.84	0.04	0.00451960
619.88	0.04	0.00319658
619.92	0.04	0.00204470
619.96	0.04	-0.00056452
620.00	0.04	-0.00582179
620.04	0.04	-0.00556312
620.08	0.04	0.00066941
620.12	0.04	-0.00210540
620.16	0.04	0.01281120
620.20	0.04	0.00353776
620.24	0.04	0.00611440
620.28	0.04	0.00342366
620.32	0.04	0.00337947
620.36	0.04	0.01128530
620.40	0.04	0.01251696
620.44	0.04	0.01105093
620.48	0.04	0.00980120
620.52	0.04	0.00866493
620.56	0.04	0.01206979
620.60	0.04	0.01605211
620.64	0.04	0.00728035
620.68	0.04	0.00458172
620.72	0.04	0.00354971
620.76	0.04	0.00439028
620.80	0.04	0.00373522
620.84	0.04	-0.00032592
620.88	0.04	-0.00169685
620.92	0.04	-0.00240846
620.96	0.04	-0.00268935
621.00	0.04	0.01930012
621.04	0.04	0.00880019
621.08	0.04	0.00500085
621.12	0.04	0.00282856
621.16	0.04	0.00334410
621.20	0.04	0.00298651
621.24	0.04	0.00563946
621.28	0.04	0.00462255
621.32	0.04	0.00401353
621.36	0.04	0.00308538
621.40	0.04	0.00215721
621.44	0.04	0.00700731
621.48	0.04	0.00163498
621.52	0.04	-0.00176958
621.56	0.04	-0.00232899
621.60	0.04	-0.00145086
621.64	0.04	0.00206589
621.68	0.04	0.00634659
621.72	0.04	0.00134120
621.76	0.04	-0.00006371
621.80	0.04	0.00120127
621.84	0.04	0.00655290
621.88	0.04	0.00186824
621.92	0.04	0.00188719
621.96	0.04	0.00065767
622.00	0.04	0.00090393
622.04	0.04	0.00139743
622.08	0.04	0.00374940
622.12	0.04	0.00866376
622.16	0.04	0.00880475
622.20	0.04	0.00826312
622.24	0.04	0.00377532
622.28	0.04	0.00451319
622.32	0.04	0.00476092
622.36	0.04	0.00923222
622.40	0.04	0.00014638
622.44	0.04	-0.00008839
622.48	0.04	0.00292100
622.52	0.04	0.00373445
622.56	0.04	0.00460116
622.60	0.04	0.00424829
622.64	0.04	0.00314790
622.68	0.04	0.00344984
622.72	0.04	0.00650046
622.76	0.04	0.00227870
622.80	0.04	-0.00006774
622.84	0.04	0.00169336
622.88	0.04	0.00064571
622.92	0.04	-0.00023833
622.96	0.04	0.00145987
623.00	0.04	0.00177662
623.04	0.04	0.00045517
623.08	0.04	0.00197326
623.12	0.04	0.00214330
623.16	0.04	-0.00008583
623.20	0.04	0.00123271
623.24	0.04	0.00003849
623.28	0.04	-0.00043549
623.32	0.04	0.00014876
623.36	0.04	0.00312029
623.40	0.04	0.00172304
623.44	0.04	0.00219200
623.48	0.04	0.00071497
623.52	0.04	0.00081398
623.56	0.04	0.00396461
623.60	0.04	0.00392002
623.64	0.04	0.00372517
623.68	0.04	0.00235460
623.72	0.04	0.00038123
623.76	0.04	0.00083549
623.80	0.04	0.00018020
623.84	0.04	0.00289606
623.88	0.04	0.00166529
623.92	0.04	0.00083951
623.96	0.04	0.00662902
624.00	0.04	0.00657677
624.04	0.04	0.00367343
624.08	0.04	0.00036255
624.12	0.04	0.00229058
624.16	0.04	0.00457436
624.20	0.04	0.00332652
624.24	0.04	0.00459098
624.28	0.04	0.00167478
624.32	0.04	-0.00025138
624.36	0.04	0.00285972
624.40	0.04	0.00810708
624.44	0.04	0.00225237
624.48	0.04	0.00074749
624.52	0.04	0.00137645
624.56	0.04	0.00064064
624.60	0.04	0.00419674
624.64	0.04	0.00423749
624.68	0.04	0.00341729
624.72	0.04	0.00062075
624.76	0.04	0.00024118
624.80	0.04	0.00078503
624.84	0.04	0.00155319
624.88	0.04	0.00063179
624.92	0.04	0.00098944
624.96	0.04	0.00003718
625.00	0.04	0.00077519
625.04	0.04	0.00089797
625.08	0.04	0.00009027
625.12	0.04	0.00068362
625.16	0.04	0.00070885
625.20	0.04	-0.00159822
625.24	0.04	0.00484621
625.28	0.04	0.00363187
625.32	0.04	-0.00007736
625.36	0.04	-0.00021397
625.40	0.04	-0.00006633
625.44	0.04	0.00042632
625.48	0.04	0.00156872
625.52	0.04	0.00137411
625.56	0.04	0.00179600
625.60	0.04	-0.00039121
625.64	0.04	0.00111625
625.68	0.04	0.00123922
625.72	0.04	0.00077121
625.76	0.04	0.00113365
625.80	0.04	-0.00057780
625.84	0.04	0.00060690
625.88	0.04	0.00000034
625.92	0.04	-0.00020405
625.96	0.04	-0.00039673
626.00	0.04	-0.00056584
626.04	0.04	-0.00245627
626.08	0.04	0.00051877
626.12	0.04	0.00293345
626.16	0.04	-0.00034090
626.20	0.04	0.00003590
626.24	0.04	-0.00004845
626.28	0.04	-0.00046474
626.32	0.04	-0.00000472
626.36	0.04	0.00101641
626.40	0.04	0.00046634
626.44	0.04	0.00273903
626.48	0.04	0.00354865
626.52	0.04	0.00404325
626.56	0.04	0.00213089
626.60	0.04	-0.00070895
626.64	0.04	-0.00173532
626.68	0.04	-0.00276199
626.72	0.04	-0.00291859
626.76	0.04	-0.00152109
626.80	0.04	-0.00238920
626.84	0.04	-0.00219678
626.88	0.04	-0.00317328
626.92	0.04	-0.00378456
626.96	0.04	0.00611165
627.00	0.04	-0.00008886
627.04	0.04	-0.00024166
627.08	0.04	-0.00231825
627.12	0.04	-0.00321279
627.16	0.04	0.00240731
627.20	0.04	0.00094282
627.24	0.04	0.00203543
627.28	0.04	0.00067280
627.32	0.04	0.00036520
627.36	0.04	0.00239172
627.40	0.04	0.00378911
627.44	0.04	0.00118297
627.48	0.04	0.00214949
627.52	0.04	-0.00023219
627.56	0.04	0.00123390
627.60	0.04	0.00368627
627.64	0.04	0.00307432
627.68	0.04	0.00125020
627.72	0.04	0.00026429
627.76	0.04	-0.00008817
627.80	0.04	0.01218193
627.84	0.04	0.00533190
627.88	0.04	0.00063872
627.92	0.04	-0.00193206
627.96	0.04	-0.00173534
628.00	0.04	0.00032196
628.04	0.04	0.00261803
628.08	0.04	0.00197294
628.12	0.04	0.00250528
628.16	0.04	0.00190374
628.20	0.04	0.00169975
628.24	0.04	0.00651605
628.28	0.04	0.00274561
628.32	0.04	0.00027349
628.36	0.04	0.00018038
628.40	0.04	0.00012202
628.44	0.04	0.00101868
628.48	0.04	0.00287004
628.52	0.04	0.00143409
628.56	0.04	0.00123154
628.60	0.04	0.00098265
628.64	0.04	0.00800371
628.68	0.04	0.00723718
628.72	0.04	0.00426896
628.76	0.04	0.00355390
628.80	0.04	0.00155129
628.84	0.04	0.00154639
628.88	0.04	0.00207772
628.92	0.04	0.00509607
628.96	0.04	0.00477860
629.00	0.04	0.00314203
629.04	0.04	0.00399694
629.08	0.04	0.00489590
629.12	0.04	0.00620334
629.16	0.04	0.00358145
629.20	0.04	0.00365686
629.24	0.04	0.00332898
629.28	0.04	0.00324789
629.32	0.04	0.00386573
629.36	0.04	0.00219256
629.40	0.04	0.00096462
629.44	0.04	0.00184641
629.48	0.04	0.00239137
629.52	0.04	0.00399916
629.56	0.04	0.00288669
629.60	0.04	0.00073298
629.64	0.04	0.00113073
629.68	0.04	0.00035081
629.72	0.04	0.00070682
629.76	0.04	0.00136916
629.80	0.04	0.00610945
629.84	0.04	0.00285113
629.88	0.04	0.00088366
629.92	0.04	-0.00030398
629.96	0.04	0.00141656
630.00	0.04	0.00106506
630.04	0.04	0.00093509
630.08	0.04	0.00305422
630.12	0.04	0.00202365
630.16	0.04	0.00000647
630.20	0.04	0.00078584
630.24	0.04	0.00038151
630.28	0.04	0.00253120
630.32	0.04	0.00133478
630.36	0.04	0.00164388
630.40	0.04	0.00564317
630.44	0.04	0.00310347
630.48	0.04	0.00302792
630.52	0.04	0.00609308
630.56	0.04	0.00232511
630.60	0.04	0.00092500
630.64	0.04	0.00287254
630.68	0.04	0.00162638
630.72	0.04	0.00186648
630.76	0.04	0.00079840
630.80	0.04	0.00538387
630.84	0.04	0.00489608
630.88	0.04	0.00447692
630.92	0.04	0.00417400
630.96	0.04	0.00219636
631.00	0.04	0.00110357
631.04	0.04	0.00216095
631.08	0.04	0.00245369
631.12	0.04	0.00387473
631.16	0.04	0.00390872
631.20	0.04	0.00457870
631.24	0.04	0.00521997
631.28	0.04	0.00217867
631.32	0.04	0.00309037
631.36	0.04	-0.00038448
631.40	0.04	0.00074675
631.44	0.04	0.00349689
631.48	0.04	0.00074383
631.52	0.04	0.00110320
631.56	0.04	0.00090995
631.60	0.04	0.00093117
631.64	0.04	0.00132917
631.68	0.04	0.00120510
631.72	0.04	0.00108222
631.76	0.04	0.00051729
631.80	0.04	-0.00078433
631.84	0.04	0.00144938
631.88	0.04	0.00103999
631.92	0.04	0.00041754
631.96	0.04	0.00251458
632.00	0.04	0.00204054
632.04	0.04	0.00219881
632.08	0.04	0.00438326
632.12	0.04	0.00260266
632.16	0.04	0.00166204
632.20	0.04	0.00341260
632.24	0.04	0.00053483
632.28	0.04	0.00178617
632.32	0.04	0.00169160
632.36	0.04	0.00113367
632.40	0.04	0.00068901
632.44	0.04	0.00268946
632.48	0.04	0.00152854
632.52	0.04	0.00066852
632.56	0.04	0.00154789
632.60	0.04	-0.00038126
632.64	0.04	-0.00165316
632.68	0.04	-0.00183925
632.72	0.04	0.00335453
632.76	0.04	0.00142721
632.80	0.04	-0.00020012
632.84	0.04	-0.00081450
632.88	0.04	-0.00062142
632.92	0.04	0.00548504
632.96	0.04	0.00464969
633.00	0.04	0.00192913
633.04	0.04	0.00131223
633.08	0.04	0.00022798
633.12	0.04	0.00058944
633.16	0.04	0.00135466
633.20	0.04	0.00053238
633.24	0.04	0.00128971
633.28	0.04	0.00090227
633.32	0.04	0.00310140
633.36	0.04	0.00556661
633.40	0.04	0.00148729
633.44	0.04	0.00009603
633.48	0.04	-0.00107480
633.52	0.04	0.00007586
633.56	0.04	0.00162747
633.60	0.04	0.00209712
633.64	0.04	0.00075236
633.68	0.04	-0.00020358
633.72	0.04	0.00010428
633.76	0.04	0.00493443
633.80	0.04	0.00361789
633.84	0.04	0.00063048
633.88	0.04	0.00013377
633.92	0.04	-0.00049073
633.96	0.04	0.00077285
634.00	0.04	0.00217944
634.04	0.04	0.00061178
634.08	0.04	0.00155973
634.12	0.04	0.00038272
634.16	0.04	0.00092737
634.20	0.04	0.00745421
634.24	0.04	0.00227784
634.28	0.04	0.00230292
634.32	0.04	0.00104672
634.36	0.04	0.00150212
634.40	0.04	0.00148574
634.44	0.04	0.00074628
634.48	0.04	0.00046237
634.52	0.04	-0.00047432
634.56	0.04	-0.00031586
634.60	0.04	0.00129104
634.64	0.04	0.00058520
634.68	0.04	0.00045878
634.72	0.04	-0.00028010
634.76	0.04	-0.00014734
634.80	0.04	0.00001093
634.84	0.04	0.00034026
634.88	0.04	0.00019822
634.92	0.04	0.00007723
634.96	0.04	0.00050353
635.00	0.04	-0.00029173
635.04	0.04	0.00004055
635.08	0.04	0.00369600
635.12	0.04	0.00158960
635.16	0.04	0.00071448
635.20	0.04	0.00073430
635.24	0.04	0.00130018
635.28	0.04	0.00938895
635.32	0.04	0.00686217
635.36	0.04	0.00508476
635.40	0.04	0.00164767
635.44	0.04	0.00069076
635.48	0.04	0.00860569
635.52	0.04	0.00651760
635.56	0.04	0.00486023
635.60	0.04	0.00267359
635.64	0.04	0.00197005
635.68	0.04	0.00113124
635.72	0.04	0.00714976
635.76	0.04	0.00782291
635.80	0.04	0.00669701
635.84	0.04	0.00524156
635.88	0.04	0.00531850
635.92	0.04	0.00631781
635.96	0.04	0.00618777
636.00	0.04	0.00425743
636.04	0.04	0.00164834
636.08	0.04	0.00014975
636.12	0.04	0.00204316
636.16	0.04	0.00162343
636.20	0.04	0.00134064
636.24	0.04	0.00320702
636.28	0.04	0.00471773
636.32	0.04	0.00896918
636.36	0.04	0.00519394
636.40	0.04	0.00517094
636.44	0.04	0.00051042
636.48	0.04	0.00059689
636.52	0.04	0.00019326
636.56	0.04	0.00354722
636.60	0.04	0.00173881
636.64	0.04	0.00233372
636.68	0.04	0.00097966
636.72	0.04	0.00000254
636.76	0.04	0.00210708
636.80	0.04	0.00235488
636.84	0.04	0.00134504
636.88	0.04	0.00154321
636.92	0.04	0.00178548
636.96	0.04	0.00496177
637.00	0.04	0.00120644
637.04	0.04	0.00256598
637.08	0.04	0.00559155
637.12	0.04	0.00148672
637.16	0.04	0.00450790
637.20	0.04	0.00174079
637.24	0.04	0.00363689
637.28	0.04	0.00490901
637.32	0.04	0.00499099
637.36	0.04	0.00316845
637.40	0.04	0.00143030
637.44	0.04	0.00043150
637.48	0.04	0.00032656
637.52	0.04	0.00277830
637.56	0.04	0.00288559
637.60	0.04	-0.00039118
637.64	0.04	-0.00033190
637.68	0.04	0.00109616
637.72	0.04	0.00280912
637.76	0.04	0.00464315
637.80	0.04	0.00490203
637.84	0.04	0.00732916
637.88	0.04	0.00474846
637.92	0.04	0.00318779
637.96	0.04	0.00435400
638.00	0.04	0.00441577
638.04	0.04	0.00656120
638.08	0.04	0.00331864
638.12	0.04	0.00268194
638.16	0.04	0.00141353
638.20	0.04	0.00460854
638.24	0.04	0.00384396
638.28	0.04	0.00185261
638.32	0.04	0.00267988
638.36	0.04	0.00215915
638.40	0.04	0.00280582
638.44	0.04	0.00523333
638.48	0.04	0.00229274
638.52	0.04	0.00140502
638.56	0.04	0.00061927
638.60	0.04	0.00153117
638.64	0.04	0.00141785
638.68	0.04	-0.00076585
638.72	0.04	0.00054284
638.76	0.04	0.00101005
638.80	0.04	0.00042074
638.84	0.04	0.00266225
638.88	0.04	0.00461859
638.92	0.04	0.00119863
638.96	0.04	0.00071334
639.00	0.04	-0.00008139
639.04	0.04	0.00206095
639.08	0.04	0.00039265
639.12	0.04	0.00351051
639.16	0.04	0.00333656
639.20	0.04	0.00222942
639.24	0.04	0.00190710
639.28	0.04	0.00479232
639.32	0.04	0.00070336
639.36	0.04	0.00127000
639.40	0.04	0.00045815
639.44	0.04	-0.00047648
639.48	0.04	0.00042692
639.52	0.04	0.00162470
639.56	0.04	0.00155077
639.60	0.04	0.00104013
639.64	0.04	0.00168075
639.68	0.04	0.00697329
639.72	0.04	0.00771148
639.76	0.04	0.00162963
639.80	0.04	0.00136550
639.84	0.04	-0.00013725
639.88	0.04	0.00145196
639.92	0.04	0.00125887
639.96	0.04	0.00087934
640.00	0.04	0.00131891
640.04	0.04	0.00062736
640.08	0.04	0.00093432
640.12	0.04	0.00138153
640.16	0.04	0.00070553
640.20	0.04	-0.00120532
640.24	0.04	0.00038051
640.28	0.04	0.00048814
640.32	0.04	0.00858663
640.36	0.04	0.00411408
640.40	0.04	0.00249411
640.44	0.04	0.00433816
640.48	0.04	0.00139965
640.52	0.04	0.00314114
640.56	0.04	0.00170566
640.60	0.04	0.00437971
640.64	0.04	0.00419688
640.68	0.04	0.00153992
640.72	0.04	0.00300086
640.76	0.04	0.00405333
640.80	0.04	0.00428542
640.84	0.04	0.00555077
640.88	0.04	0.00057383
640.92	0.04	0.00336153
640.96	0.04	0.00238213
641.00	0.04	0.00106914
641.04	0.04	0.00088608
641.08	0.04	0.00153017
641.12	0.04	-0.00003974
641.16	0.04	0.00003470
641.20	0.04	0.00017375
641.24	0.04	0.00093484
641.28	0.04	0.00072343
641.32	0.04	0.00063287
641.36	0.04	0.00320203
641.40	0.04	0.00004153
641.44	0.04	0.00006847
641.48	0.04	-0.00014211
641.52	0.04	0.00011980
641.56	0.04	0.00250201
641.60	0.04	0.00156014
641.64	0.04	0.00219934
641.68	0.04	0.00287842
641.72	0.04	0.00209812
641.76	0.04	-0.00018350
641.80	0.04	0.00093145
641.84	0.04	0.00064479
641.88	0.04	0.00033149
641.92	0.04	-0.00001316
641.96	0.04	0.00128033
642.00	0.04	0.00779838
642.04	0.04	0.00194603
642.08	0.04	0.00101970
642.12	0.04	-0.00005881
642.16	0.04	0.00174478
642.20	0.04	0.00289436
642.24	0.04	0.00098838
642.28	0.04	0.00049227
642.32	0.04	0.00002919
642.36	0.04	0.00006987
642.40	0.04	0.00541970
642.44	0.04	0.00266674
642.48	0.04	-0.00036023
642.52	0.04	-0.00032647
642.56	0.04	0.00093720
642.60	0.04	0.00453472
642.64	0.04	0.00278460
642.68	0.04	0.00100614
642.72	0.04	-0.00015922
642.76	0.04	0.00050023
642.80	0.04	0.00079045
642.84	0.04	0.00290706
642.88	0.04	0.00139245
642.92	0.04	0.00017462
642.96	0.04	0.00048783
643.00	0.04	0.00010534
643.04	0.04	0.00857752
643.08	0.04	0.00566529
643.12	0.04	0.00132125
643.16	0.04	-0.00003645
643.20	0.04	-0.00001735
643.24	0.04	0.00213992
643.28	0.04	0.00404927
643.32	0.04	0.00130389
643.36	0.04	0.00196256
643.40	0.04	0.00146680
643.44	0.04	-0.00062364
643.48	0.04	-0.00032516
643.52	0.04	0.00040131
643.56	0.04	-0.00004871
643.60	0.04	-0.00004159
643.64	0.04	0.00069910
643.68	0.04	0.00305983
643.72	0.04	0.00068098
643.76	0.04	-0.00029968
643.80	0.04	0.00076483
643.84	0.04	0.00180649
643.88	0.04	0.00050448
643.92	0.04	0.00025003
643.96	0.04	0.00050211
644.00	0.04	0.00027878
644.04	0.04	0.00079763
644.08	0.04	0.00292228
644.12	0.04	0.00298234
644.16	0.04	0.00105616
644.20	0.04	0.00034637
644.24	0.04	0.00252809
644.28	0.04	0.00071117
644.32	0.04	0.00809803
644.36	0.04	0.00347575
644.40	0.04	0.00071192
644.44	0.04	0.00170621
644.48	0.04	0.00107094
644.52	0.04	0.00068914
644.56	0.04	0.00117122
644.60	0.04	0.00004610
644.64	0.04	0.00059813
644.68	0.04	0.00069943
644.72	0.04	0.00545426
644.76	0.04	0.00810593
644.80	0.04	0.00074586
644.84	0.04	0.00048248
644.88	0.04	0.00044680
644.92	0.04	0.00046206
644.96	0.04	0.00144255
645.00	0.04	0.00032803
645.04	0.04	0.00000526
645.08	0.04	-0.00049931
645.12	0.04	0.00054149
645.16	0.04	0.00112975
645.20	0.04	0.00076472
645.24	0.04	0.00126551
645.28	0.04	0.00026305
645.32	0.04	-0.00004381
645.36	0.04	0.00071668
645.40	0.04	-0.00151199
645.44	0.04	-0.00013877
645.48	0.04	0.00017888
645.52	0.04	-0.00028011
645.56	0.04	0.00143900
645.60	0.04	0.00038083
645.64	0.04	0.00140781
645.68	0.04	0.00056278
645.72	0.04	0.00146242
645.76	0.04	0.00081541
645.80	0.04	0.00031013
645.84	0.04	0.00074878
645.88	0.04	0.00068912
645.92	0.04	0.00012250
645.96	0.04	0.00076813
646.00	0.04	0.00509380
646.04	0.04	-0.00049859
646.08	0.04	0.00037444
646.12	0.04	-0.00059201
646.16	0.04	0.00224058
646.20	0.04	0.01219164
646.24	0.04	0.00381924
646.28	0.04	0.00093566
646.32	0.04	-0.00092558
646.36	0.04	-0.00010733
646.40	0.04	0.00620429
646.44	0.04	0.00073001
646.48	0.04	0.00156813
646.52	0.04	0.00040059
646.56	0.04	0.00248380
646.60	0.04	0.00216108
646.64	0.04	0.00184619
646.68	0.04	0.00298119
646.72	0.04	0.00182728
646.76	0.04	-0.00133652
646.80	0.04	0.00614084
646.84	0.04	0.00603827
646.88	0.04	0.00048016
646.92	0.04	-0.00105207
646.96	0.04	0.00032396
647.00	0.04	0.00003099
647.04	0.04	0.00079572
647.08	0.04	-0.00046608
647.12	0.04	0.00120081
647.16	0.04	-0.00022319
647.20	0.04	0.00001915
647.24	0.04	0.00489722
647.28	0.04	0.00301564
647.32	0.04	0.00626216
647.36	0.04	0.00245111
647.40	0.04	0.00234254
647.44	0.04	0.01030027
647.48	0.04	0.00636991
647.52	0.04	0.00841942
647.56	0.04	0.00595958
647.60	0.04	0.01002462
647.64	0.04	0.01133188
647.68	0.04	0.00582733
647.72	0.04	0.00613937
647.76	0.04	0.00785817
647.80	0.04	0.01033770
647.84	0.04	0.00972221
647.88	0.04	0.01106337
647.92	0.04	0.01777664
647.96	0.04	0.01574023
648.00	0.04	0.00830304
648.04	0.04	0.00825233
648.08	0.04	0.01553634
648.12	0.04	0.01346230
648.16	0.04	0.00935496
648.20	0.04	0.00670461
648.24	0.04	0.00408862
648.28	0.04	0.01052267
648.32	0.04	0.00577821
648.36	0.04	0.00539893
648.40	0.04	0.00869986
648.44	0.04	0.00716405
648.48	0.04	0.00450765
648.52	0.04	0.00160845
648.56	0.04	0.00451900
648.60	0.04	0.00283588
648.64	0.04	0.00404395
648.68	0.04	0.00072263
648.72	0.04	0.00710242
648.76	0.04	0.00159621
648.80	0.04	0.00197356
648.84	0.04	0.00370714
648.88	0.04	0.00757898
648.92	0.04	0.00605703
648.96	0.04	0.00226956
649.00	0.04	0.00310422
649.04	0.04	0.00557041
649.08	0.04	0.00394103
649.12	0.04	0.00915954
649.16	0.04	0.00582905
649.20	0.04	0.00980700
649.24	0.04	0.00595291
649.28	0.04	0.00216927
649.32	0.04	0.00140733
649.36	0.04	0.00387130
649.40	0.04	0.00175900
649.44	0.04	0.00709115
649.48	0.04	0.00332472
649.52	0.04	0.00183746
649.56	0.04	0.00676535
649.60	0.04	0.00219119
649.64	0.04	0.00219456
649.68	0.04	-0.00097245
649.72	0.04	0.00494219
649.76	0.04	0.00287333
649.80	0.04	0.01133827
649.84	0.04	0.00085854
649.88	0.04	0.00163572
649.92	0.04	0.00188403
649.96	0.04	0.00228045
650.00	0.04	0.00182689
650.04	0.04	0.00694393
650.08	0.04	0.00528490
650.12	0.04	0.00143091
650.16	0.04	0.00264414
650.20	0.04	0.00340660
650.24	0.04	0.00109320
650.28	0.04	0.00319481
650.32	0.04	0.00038192
650.36	0.04	-0.00101058
650.40	0.04	-0.00004356
650.44	0.04	0.01134454
650.48	0.04	0.00268317
650.52	0.04	0.00088395
650.56	0.04	0.00121381
650.60	0.04	0.00184590
650.64	0.04	0.00556034
650.68	0.04	0.00585294
650.72	0.04	0.00469832
650.76	0.04	0.00368177
650.80	0.04	0.00141783
650.84	0.04	0.00528658
650.88	0.04	0.00858713
650.92	0.04	0.00463242
650.96	0.04	0.00374218
651.00	0.04	0.00257041
651.04	0.04	0.00176073
651.08	0.04	0.00660658
651.12	0.04	0.00561147
651.16	0.04	0.00084083
651.20	0.04	0.00085569
651.24	0.04	0.00249354
651.28	0.04	0.00054512
651.32	0.04	0.00023756
651.36	0.04	0.00026809
651.40	0.04	-0.00047001
651.44	0.04	0.00087113
651.48	0.04	0.00551110
651.52	0.04	0.00476314
651.56	0.04	0.00116305
651.60	0.04	0.00098751
651.64	0.04	0.00059695
651.68	0.04	0.00066494
651.72	0.04	0.00088329
651.76	0.04	0.00146456
651.80	0.04	0.00028424
651.84	0.04	0.00047836
651.88	0.04	0.00070367
651.92	0.04	-0.00004098
651.96	0.04	0.00190012
652.00	0.04	0.00079269
652.04	0.04	0.00269009
652.08	0.04	0.00143759
652.12	0.04	0.00015369
652.16	0.04	0.00583231
652.20	0.04	0.00157143
652.24	0.04	0.00040800
652.28	0.04	0.00083720
652.32	0.04	0.00055448
652.36	0.04	0.00596582
652.40	0.04	0.00440020
652.44	0.04	0.00065134
652.48	0.04	0.00024621
652.52	0.04	-0.00000171
652.56	0.04	0.00228614
652.60	0.04	0.00928098
652.64	0.04	-0.00002737
652.68	0.04	-0.00044182
652.72	0.04	0.00031155
652.76	0.04	-0.00148816
652.80	0.04	0.00291479
652.84	0.04	-0.00033221
652.88	0.04	0.00072853
652.92	0.04	0.00023316
652.96	0.04	-0.00026672
653.00	0.04	-0.00061980
653.04	0.04	-0.00196429
653.08	0.04	-0.00143600
653.12	0.04	0.00001358
653.16	0.04	0.00134712
653.20	0.04	0.00152223
653.24	0.04	0.00220705
653.28	0.04	0.00025233
653.32	0.04	-0.00325082
653.36	0.04	-0.00146809
653.40	0.04	-0.00690526
653.44	0.04	-0.00183181
653.48	0.04	-0.00201274
653.52	0.04	-0.00293990
653.56	0.04	-0.00131875
653.60	0.04	-0.00135451
653.64	0.04	0.00012594
653.68	0.04	-0.00026520
653.72	0.04	-0.00398602
653.76	0.04	-0.00136320
653.80	0.04	-0.00088462
653.84	0.04	0.00225472
653.88	0.04	0.00307919
653.92	0.04	-0.00489370
653.96	0.04	-0.00256289
654.00	0.04	-0.00158491
654.04	0.04	-0.00220611
654.08	0.04	-0.00085645
654.12	0.04	-0.00343033
654.16	0.04	-0.00220373
654.20	0.04	-0.00174624
654.24	0.04	-0.00089512
654.28	0.04	0.00162960
654.32	0.04	0.00296169
654.36	0.04	-0.00134974
654.40	0.04	-0.00047937
654.44	0.04	-0.00175896
654.48	0.04	0.00090175
654.52	0.04	0.00137506
654.56	0.04	-0.00570038
654.60	0.04	-0.00174970
654.64	0.04	-0.00218907
654.68	0.04	-0.00422803
654.72	0.04	-0.00348015
654.76	0.04	-0.00117447
654.80	0.04	-0.00309718
654.84	0.04	-0.00259469
654.88	0.04	-0.00353980
654.92	0.04	0.00732571
654.96	0.04	0.00120941
655.00	0.04	-0.00061343
655.04	0.04	-0.00039176
655.08	0.04	-0.00256819
655.12	0.04	-0.00154978
655.16	0.04	-0.00253720
655.20	0.04	-0.00532015
655.24	0.04	-0.00704365
655.28	0.04	-0.00286663
655.32	0.04	-0.00052087
655.36	0.04	-0.00083381
655.40	0.04	-0.00246380
655.44	0.04	-0.00631574
655.48	0.04	-0.00422586
655.52	0.04	-0.00367690
655.56	0.04	0.00676774
655.60	0.04	0.00206872
655.64	0.04	-0.00267114
655.68	0.04	-0.00323744
655.72	0.04	-0.00206437
655.76	0.04	-0.00185389
655.80	0.04	-0.00167034
655.84	0.04	-0.00334064
655.88	0.04	-0.00830684
655.92	0.04	-0.00282586
655.96	0.04	-0.00146056
656.00	0.04	0.00175625
656.04	0.04	-0.00098389
656.08	0.04	-0.00109890
656.12	0.04	-0.00155519
656.16	0.04	-0.00286344
656.20	0.04	0.00447115
656.24	0.04	0.00354556
656.28	0.04	0.00310696
656.32	0.04	0.00077987
656.36	0.04	0.00051729
656.40	0.04	0.00466221
656.44	0.04	0.00478658
656.48	0.04	0.00336174
656.52	0.04	0.00241082
656.56	0.04	0.00089912
656.60	0.04	0.00159155
656.64	0.04	0.00888664
656.68	0.04	0.00376010
656.72	0.04	-0.00005731
656.76	0.04	-0.00145126
656.80	0.04	-0.00082970
656.84	0.04	0.00299751
656.88	0.04	0.00580376
656.92	0.04	0.00500705
656.96	0.04	0.00289096
657.00	0.04	0.00231918
657.04	0.04	0.00078847
657.08	0.04	0.00333750
657.12	0.04	0.00271801
657.16	0.04	0.00260520
657.20	0.04	0.00079795
657.24	0.04	0.00084774
657.28	0.04	0.00994732
657.32	0.04	0.00571938
657.36	0.04	0.00160502
657.40	0.04	-0.00040200
657.44	0.04	0.00026204
657.48	0.04	0.00407806
657.52	0.04	0.00580748
657.56	0.04	0.00165073
657.60	0.04	0.00165057
657.64	0.04	0.00058247
657.68	0.04	0.01155805
657.72	0.04	0.01032366
657.76	0.04	0.00336592
657.80	0.04	0.00332399
657.84	0.04	0.00210808
657.88	0.04	-0.00015067
657.92	0.04	0.01189850
657.96	0.04	0.00351096
658.00	0.04	-0.00010354
658.04	0.04	0.00031232
658.08	0.04	0.00035556
658.12	0.04	0.00148349
658.16	0.04	0.00176840
658.20	0.04	0.00151473
658.24	0.04	0.00075921
658.28	0.04	0.00033415
658.32	0.04	0.00143316
658.36	0.04	0.00508202
658.40	0.04	0.00161288
658.44	0.04	0.00037735
658.48	0.04	-0.00012728
658.52	0.04	0.00054989
658.56	0.04	-0.00012089
658.60	0.04	-0.00019372
658.64	0.04	-0.00013634
658.68	0.04	-0.00040536
658.72	0.04	-0.00102147
658.76	0.04	-0.00082955
658.80	0.04	0.00145700
658.84	0.04	0.00069128
658.88	0.04	0.00165884
658.92	0.04	0.00229933
658.96	0.04	0.00895479
659.00	0.04	0.00752397
659.04	0.04	0.00323380
659.08	0.04	0.00168876
659.12	0.04	0.00148724
659.16	0.04	0.00166549
659.20	0.04	0.00466679
659.24	0.04	0.00302484
659.28	0.04	0.00094173
659.32	0.04	0.00053451
659.36	0.04	0.00457673
659.40	0.04	0.01212768
659.44	0.04	0.00491848
659.48	0.04	0.00119571
659.52	0.04	0.00180312
659.56	0.04	0.00003812
659.60	0.04	0.00049517
659.64	0.04	0.00220789
659.68	0.04	0.00173573
659.72	0.04	-0.00013915
659.76	0.04	0.00198903
659.80	0.04	0.00095172
659.84	0.04	0.00003648
659.88	0.04	0.00052403
659.92	0.04	-0.00138729
659.96	0.04	-0.00236249
660.00	0.04	0.00067379
660.04	0.04	0.00561008
660.08	0.04	0.00020929
660.12	0.04	0.00078318
660.16	0.04	-0.00046418
660.20	0.04	0.00059657
660.24	0.04	0.00095046
660.28	0.04	0.00116703
660.32	0.04	0.00216895
660.36	0.04	0.00167772
660.40	0.04	0.00087193
660.44	0.04	0.00618544
660.48	0.04	0.00320230
660.52	0.04	0.00163106
660.56	0.04	0.00056989
660.60	0.04	0.00054660
660.64	0.04	0.00041496
660.68	0.04	-0.00055868
660.72	0.04	-0.00126764
660.76	0.04	-0.00083898
660.80	0.04	0.00099990
660.84	0.04	-0.00026925
660.88	0.04	0.00761115
660.92	0.04	0.00381784
660.96	0.04	0.00369870
661.00	0.04	0.00570134
661.04	0.04	0.00270340
661.08	0.04	0.00715696
661.12	0.04	0.00422782
661.16	0.04	0.00318115
661.20	0.04	0.00043619
661.24	0.04	-0.00039967
661.28	0.04	0.00372667
661.32	0.04	0.00132196
661.36	0.04	0.00049638
661.40	0.04	0.00067866
661.44	0.04	0.00014340
661.48	0.04	0.00206350
661.52	0.04	0.00200444
661.56	0.04	0.00095051
661.60	0.04	0.00009573
661.64	0.04	-0.00057286
661.68	0.04	-0.00036279
661.72	0.04	0.00735963
661.76	0.04	0.00516806
661.80	0.04	-0.00017427
661.84	0.04	-0.00096447
661.88	0.04	-0.00218833
661.92	0.04	0.00133210
661.96	0.04	0.00159470
662.00	0.04	0.00083539
662.04	0.04	-0.00030687
662.08	0.04	0.00058880
662.12	0.04	-0.00030442
662.16	0.04	0.00042820
662.20	0.04	-0.00148818
662.24	0.04	-0.00050327
662.28	0.04	-0.00046669
662.32	0.04	-0.00088635
662.36	0.04	0.01020881
662.40	0.04	0.00275502
662.44	0.04	0.00252823
662.48	0.04	-0.00020221
662.52	0.04	0.00077377
662.56	0.04	-0.00134180
662.60	0.04	0.00055176
662.64	0.04	-0.00070281
662.68	0.04	-0.00005130
662.72	0.04	-0.00003026
662.76	0.04	0.00269492
662.80	0.04	0.00792229
662.84	0.04	0.00004238
662.88	0.04	-0.00095851
662.92	0.04	0.00287342
662.96	0.04	0.00411683
663.00	0.04	0.00935157
663.04	0.04	0.00828276
663.08	0.04	0.00242214
663.12	0.04	0.00514266
663.16	0.04	0.00292943
663.20	0.04	0.00577061
663.24	0.04	0.00812730
663.28	0.04	0.00415566
663.32	0.04	0.00180844
663.36	0.04	0.00298767
663.40	0.04	0.00510940
663.44	0.04	0.01298213
663.48	0.04	0.00695983
663.52	0.04	0.00130061
663.56	0.04	-0.00274271
663.60	0.04	-0.00124487
663.64	0.04	0.00237216
663.68	0.04	0.00482326
663.72	0.04	0.00104191
663.76	0.04	0.00166010
663.80	0.04	-0.00021733
663.84	0.04	-0.00016374
663.88	0.04	0.00076351
663.92	0.04	-0.00053152
663.96	0.04	0.00172606
664.00	0.04	0.00180304
664.04	0.04	0.00460156
664.08	0.04	0.01415995
664.12	0.04	0.01458538
664.16	0.04	0.00716767
664.20	0.04	0.00376075
664.24	0.04	-0.00058968
664.28	0.04	0.00237520
664.32	0.04	0.00120003
664.36	0.04	0.00074917
664.40	0.04	-0.00063664
664.44	0.04	0.00176593
664.48	0.04	0.01106456
664.52	0.04	0.01256140
664.56	0.04	0.00584001
664.60	0.04	0.00051540
664.64	0.04	0.00070264
664.68	0.04	0.00100522
664.72	0.04	0.00187355
664.76	0.04	0.00223541
664.80	0.04	0.00279664
664.84	0.04	0.00110476
664.88	0.04	-0.00078639
664.92	0.04	-0.00138985
664.96	0.04	-0.00014238
665.00	0.04	0.00332013
665.04	0.04	0.00287467
665.08	0.04	0.00343508
665.12	0.04	0.01216359
665.16	0.04	0.00648477
665.20	0.04	-0.00018882
665.24	0.04	-0.00204671
665.28	0.04	0.00051166
665.32	0.04	0.00139355
665.36	0.04	-0.00083835
665.40	0.04	-0.00009699
665.44	0.04	-0.00140502
665.48	0.04	-0.00136118
665.52	0.04	-0.00102577
665.56	0.04	0.00012818
665.60	0.04	0.00222870
665.64	0.04	-0.00261124
665.68	0.04	-0.00044140
665.72	0.04	0.00062288
665.76	0.04	0.00114452
665.80	0.04	0.00534171
665.84	0.04	0.01070629
665.88	0.04	0.00492039
665.92	0.04	0.00380550
665.96	0.04	0.00257078
666.00	0.04	0.00107692
666.04	0.04	-0.00116746
666.08	0.04	0.00009681
666.12	0.04	0.00172356
666.16	0.04	0.00068597
666.20	0.04	0.00446014
666.24	0.04	-0.00136987
666.28	0.04	0.00301302
666.32	0.04	0.00615170
666.36	0.04	-0.00003365
666.40	0.04	-0.00074789
666.44	0.04	0.00750518
666.48	0.04	0.00248401
666.52	0.04	-0.00060248
666.56	0.04	0.00123747
666.60	0.04	-0.00001356
666.64	0.04	0.00173020
666.68	0.04	0.00303514
666.72	0.04	-0.00174710
666.76	0.04	-0.00043855
666.80	0.04	0.00092897
666.84	0.04	0.00730924
666.88	0.04	0.00610990
666.92	0.04	0.00057835
666.96	0.04	-0.00021206
667.00	0.04	-0.00079754
667.04	0.04	-0.00065866
667.08	0.04	-0.00416726
667.12	0.04	-0.00524479
667.16	0.04	-0.00310865
667.20	0.04	-0.00153251
667.24	0.04	-0.00056153
667.28	0.04	-0.00239119
667.32	0.04	0.00064912
667.36	0.04	-0.00152861
667.40	0.04	-0.00057674
667.44	0.04	0.00058817
667.48	0.04	0.01510299
667.52	0.04	0.00617211
667.56	0.04	0.00644642
667.60	0.04	-0.00108106
667.64	0.04	0.00258432
667.68	0.04	0.00026833
667.72	0.04	0.00217995
667.76	0.04	-0.00135725
667.80	0.04	-0.00034354
667.84	0.04	0.00112821
667.88	0.04	0.00557820
667.92	0.04	0.00692666
667.96	0.04	0.00491597
668.00	0.04	-0.00025398
668.04	0.04	0.00092101
668.08	0.04	0.00010308
668.12	0.04	0.00134544
668.16	0.04	-0.00131097
668.20	0.04	0.00163480
668.24	0.04	-0.00026438
668.28	0.04	0.00165873
668.32	0.04	-0.00111087
668.36	0.04	0.00057248
668.40	0.04	0.00090707
668.44	0.04	-0.00028044
668.48	0.04	-0.00097398
668.52	0.04	0.00297982
668.56	0.04	0.00128340
668.60	0.04	0.00099144
668.64	0.04	-0.00114422
668.68	0.04	0.00052793
668.72	0.04	0.00536432
668.76	0.04	0.00222224
668.80	0.04	0.00012133
668.84	0.04	0.00227780
668.88	0.04	0.00208364
668.92	0.04	0.00142781
668.96	0.04	0.00302129
669.00	0.04	0.00609358
669.04	0.04	0.00279324
669.08	0.04	0.00032900
669.12	0.04	0.00197178
669.16	0.04	0.00089217
669.20	0.04	0.00347446
669.24	0.04	0.00042272
669.28	0.04	0.00289630
669.32	0.04	0.00073822
669.36	0.04	0.00480823
669.40	0.04	0.00082961
669.44	0.04	0.00237003
669.48	0.04	-0.00013525
669.52	0.04	-0.00067248
669.56	0.04	0.00019418
669.60	0.04	0.00315657
669.64	0.04	0.00563185
669.68	0.04	0.00253472
669.72	0.04	0.00566523
669.76	0.04	0.00476258
669.80	0.04	0.00972266
669.84	0.04	0.00378429
669.88	0.04	0.00720788
669.92	0.04	0.00991150
669.96	0.04	0.00815513
670.00	0.04	0.00512839
670.04	0.04	0.00428157
670.08	0.04	0.00473795
670.12	0.04	0.00533825
670.16	0.04	0.00353486
670.20	0.04	0.00278171
670.24	0.04	0.00519429
670.28	0.04	0.00142682
670.32	0.04	0.00064965
670.36	0.04	0.00025225
670.40	0.04	0.00111404
670.44	0.04	0.00287549
670.48	0.04	0.00260640
670.52	0.04	-0.00115080
670.56	0.04	-0.00107445
670.60	0.04	0.00074417
670.64	0.04	0.00053339
670.68	0.04	0.00183329
670.72	0.04	0.00161236
670.76	0.04	0.00151618
670.80	0.04	-0.00168412
670.84	0.04	0.00214335
670.88	0.04	-0.00099198
670.92	0.04	0.00183259
670.96	0.04	0.00533026
671.00	0.04	-0.00065423
671.04	0.04	0.00207312
671.08	0.04	0.00231065
671.12	0.04	0.00408468
671.16	0.04	0.00620618
671.20	0.04	0.00216488
671.24	0.04	-0.00243089
671.28	0.04	0.00179281
671.32	0.04	0.00349990
671.36	0.04	0.00426574
671.40	0.04	-0.00078007
671.44	0.04	-0.00181395
671.48	0.04	0.00356434
671.52	0.04	0.00198954
671.56	0.04	0.00962273
671.60	0.04	0.00582712
671.64	0.04	-0.00105660
671.68	0.04	-0.00043891
671.72	0.04	0.00590969
671.76	0.04	-0.00056705
671.80	0.04	0.00644204
671.84	0.04	-0.00376210
671.88	0.04	0.00084002
671.92	0.04	0.00223360
671.96	0.04	0.00365366
672.00	0.04	0.00157901
672.04	0.04	0.00028501
672.08	0.04	-0.00326280
672.12	0.04	-0.00039201
672.16	0.04	-0.00049866
672.20	0.04	-0.00045642
672.24	0.04	-0.00133354
672.28	0.04	-0.00082324
672.32	0.04	0.00104719
672.36	0.04	-0.00018280
672.40	0.04	0.00133469
672.44	0.04	-0.00164095
672.48	0.04	0.00116701
672.52	0.04	0.00262000
672.56	0.04	0.00308224
672.60	0.04	0.00408457
672.64	0.04	0.00449465
672.68	0.04	0.00239618
672.72	0.04	0.00274690
672.76	0.04	0.00302992
672.80	0.04	0.00242819
672.84	0.04	0.00189116
672.88	0.04	0.00202352
672.92	0.04	0.00087975
672.96	0.04	0.00170497
673.00	0.04	0.00180444
673.04	0.04	0.00173936
673.08	0.04	0.00010556
673.12	0.04	-0.00090557
673.16	0.04	0.00018196
673.20	0.04	0.00412094
673.24	0.04	0.00427944
673.28	0.04	-0.00029265
673.32	0.04	0.00408636
673.36	0.04	0.00332323
673.40	0.04	0.00498629
673.44	0.04	0.00046264
673.48	0.04	-0.00148104
673.52	0.04	-0.00213566
673.56	0.04	-0.00048313
673.60	0.04	0.00131177
673.64	0.04	-0.00025114
673.68	0.04	0.00244942
673.72	0.04	0.00206021
673.76	0.04	-0.00440407
673.80	0.04	-0.00611804
673.84	0.04	-0.00957186
673.88	0.04	-0.00058491
673.92	0.04	0.00137786
673.96	0.04	0.00209447
674.00	0.04	-0.00127471
674.04	0.04	0.00188852
674.08	0.04	0.00067526
674.12	0.04	0.00251522
674.16	0.04	0.00136051
674.20	0.04	0.00309456
674.24	0.04	0.00286883
674.28	0.04	0.00094800
674.32	0.04	-0.00077967
674.36	0.04	-0.00056512
674.40	0.04	-0.00036849
674.44	0.04	0.00021491
674.48	0.04	-0.00039404
674.52	0.04	-0.00104654
674.56	0.04	-0.00134178
674.60	0.04	0.00094179
674.64	0.04	-0.00002982
674.68	0.04	0.00021109
674.72	0.04	0.00015320
674.76	0.04	0.00217328
674.80	0.04	-0.00023647
674.84	0.04	0.00041736
674.88	0.04	0.00008771
674.92	0.04	-0.00007114
674.96	0.04	-0.00010720
675.00	0.04	-0.00095073
675.04	0.04	-0.00157609
675.08	0.04	-0.00068467
675.12	0.04	-0.00067563
675.16	0.04	0.00023243
675.20	0.04	0.00061321
675.24	0.04	-0.00105826
675.28	0.04	0.00139023
675.32	0.04	0.00434709
675.36	0.04	0.00009598
675.40	0.04	-0.00058100
675.44	0.04	-0.00050821
675.48	0.04	-0.00025090
675.52	0.04	-0.00036188
675.56	0.04	-0.00191429
675.60	0.04	-0.00081449
675.64	0.04	0.00044690
675.68	0.04	-0.00082864
675.72	0.04	0.00125128
675.76	0.04	-0.00041784
675.80	0.04	0.00250379
675.84	0.04	0.00191478
675.88	0.04	0.00202865
675.92	0.04	0.00013167
675.96	0.04	-0.00096003
676.00	0.04	0.00008875
676.04	0.04	0.00037853
676.08	0.04	-0.00074342
676.12	0.04	-0.00051938
676.16	0.04	-0.00014361
676.20	0.04	0.00052499
676.24	0.04	-0.00076645
676.28	0.04	-0.00139587
676.32	0.04	-0.00004919
676.36	0.04	0.00100269
676.40	0.04	-0.00168771
676.44	0.04	0.00021145
676.48	0.04	-0.00090949
676.52	0.04	0.00001443
676.56	0.04	0.00049456
676.60	0.04	0.00118129
676.64	0.04	0.00006945
676.68	0.04	0.00097716
676.72	0.04	0.00253156
676.76	0.04	0.00273768
676.80	0.04	0.00361617
676.84	0.04	0.00068504
676.88	0.04	0.00437924
676.92	0.04	0.00210155
676.96	0.04	0.00001022
677.00	0.04	-0.00013983
677.04	0.04	0.00000113
677.08	0.04	-0.00009710
677.12	0.04	-0.00031765
677.16	0.04	-0.00015116
677.20	0.04	-0.00058547
677.24	0.04	-0.00107216
677.28	0.04	0.00038578
677.32	0.04	0.00058018
677.36	0.04	0.00439027
677.40	0.04	0.00285362
677.44	0.04	-0.00074500
677.48	0.04	0.00190859
677.52	0.04	-0.00169347
677.56	0.04	-0.00308375
677.60	0.04	-0.00242861
677.64	0.04	-0.00035011
677.68	0.04	-0.00131090
677.72	0.04	-0.00603974
677.76	0.04	-0.00487370
677.80	0.04	-0.00278206
677.84	0.04	-0.00406578
677.88	0.04	-0.00609808
677.92	0.04	-0.01034050
677.96	0.04	-0.00543439
678.00	0.04	-0.00278835
678.04	0.04	-0.00621705
678.08	0.04	-0.00594336
678.12	0.04	-0.00196256
678.16	0.04	-0.01000578
678.20	0.04	-0.00754164
678.24	0.04	-0.00743679
678.28	0.04	-0.00180491
678.32	0.04	-0.00281675
678.36	0.04	-0.00106120
678.40	0.04	0.00225471
678.44	0.04	0.00220415
678.48	0.04	-0.00028902
678.52	0.04	-0.00000815
678.56	0.04	0.00014731
678.60	0.04	-0.00020442
678.64	0.04	-0.00091124
678.68	0.04	-0.00042133
678.72	0.04	-0.00047749
678.76	0.04	0.00075312
678.80	0.04	-0.00113633
678.84	0.04	-0.00106087
678.88	0.04	-0.00059939
678.92	0.04	0.00039044
678.96	0.04	0.00017421
679.00	0.04	-0.00053908
679.04	0.04	-0.00115923
679.08	0.04	-0.00105527
679.12	0.04	-0.00197645
679.16	0.04	-0.00127585
679.20	0.04	-0.00362831
679.24	0.04	-0.00291745
679.28	0.04	-0.00182261
679.32	0.04	-0.00136937
679.36	0.04	-0.00030191
679.40	0.04	-0.00175451
679.44	0.04	-0.00011697
679.48	0.04	0.00134389
679.52	0.04	0.00012158
679.56	0.04	-0.00265363
679.60	0.04	-0.00682524
679.64	0.04	-0.00453699
679.68	0.04	-0.00292046
679.72	0.04	-0.00987125
679.76	0.04	-0.00867518
679.80	0.04	-0.00739141
679.84	0.04	-0.00359316
679.88	0.04	-0.00547859
679.92	0.04	-0.00672992
679.96	0.04	-0.00447099
680.00	0.04	-0.00409865
680.04	0.04	-0.00605611
680.08	0.04	-0.00276351
680.12	0.04	-0.00175502
680.16	0.04	-0.00322507
680.20	0.04	-0.00115675
680.24	0.04	-0.00128747
680.28	0.04	-0.00092313
680.32	0.04	0.00055946
680.36	0.04	0.00099366
680.40	0.04	0.00090642
680.44	0.04	-0.00061185
680.48	0.04	0.00193230
680.52	0.04	0.00134068
680.56	0.04	0.00053629
680.60	0.04	0.00038896
680.64	0.04	0.00028077
680.68	0.04	-0.00002234
680.72	0.04	0.00126615
680.76	0.04	0.00120551
680.80	0.04	-0.00046771
680.84	0.04	0.00033933
680.88	0.04	0.00110029
680.92	0.04	-0.00192146
680.96	0.04	0.00038459
681.00	0.04	0.00004113
681.04	0.04	0.00077364
681.08	0.04	0.00207967
681.12	0.04	0.00060596
681.16	0.04	0.00025655
681.20	0.04	0.00120677
681.24	0.04	-0.00207696
681.28	0.04	0.00178172
681.32	0.04	0.00044295
681.36	0.04	-0.00037976
681.40	0.04	-0.00090199
681.44	0.04	-0.00059515
681.48	0.04	0.00008635
681.52	0.04	-0.00229809
681.56	0.04	-0.00435991
681.60	0.04	-0.00023552
681.64	0.04	0.00132349
681.68	0.04	-0.00131336
681.72	0.04	0.00166879
681.76	0.04	-0.00005356
681.80	0.04	0.00269493
681.84	0.04	0.00275938
681.88	0.04	0.00332523
681.92	0.04	0.00502694
681.96	0.04	0.00133772
682.00	0.04	0.00406311
682.04	0.04	0.00197564
682.08	0.04	-0.00003913
682.12	0.04	-0.00227622
682.16	0.04	0.00371301
682.20	0.04	0.00071285
682.24	0.04	-0.00005083
682.28	0.04	0.00218492
682.32	0.04	0.00262114
682.36	0.04	0.00113801
682.40	0.04	0.00415988
682.44	0.04	0.00445799
682.48	0.04	0.00190452
682.52	0.04	0.00474423
682.56	0.04	0.00405590
682.60	0.04	0.00152830
682.64	0.04	0.00545935
682.68	0.04	0.00607629
682.72	0.04	0.00385108
682.76	0.04	-0.00052346
682.80	0.04	-0.00046014
682.84	0.04	0.00105663
682.88	0.04	0.00200854
682.92	0.04	0.00150766
682.96	0.04	0.00158140
683.00	0.04	0.00219948
683.04	0.04	0.00056583
683.08	0.04	0.00288705
683.12	0.04	0.00111389
683.16	0.04	0.00067108
683.20	0.04	0.00139680
683.24	0.04	0.00195309
683.28	0.04	0.00413388
683.32	0.04	0.00148211
683.36	0.04	0.00125243
683.40	0.04	0.00352632
683.44	0.04	0.00124439
683.48	0.04	0.00376056
683.52	0.04	0.00222997
683.56	0.04	0.00144548
683.60	0.04	0.00051331
683.64	0.04	0.00228738
683.68	0.04	0.00057430
683.72	0.04	0.00141844
683.76	0.04	0.00282258
683.80	0.04	0.00262289
683.84	0.04	0.00208425
683.88	0.04	0.00146165
683.92	0.04	0.00273801
683.96	0.04	0.00281206
684.00	0.04	0.00116802
684.04	0.04	-0.00008485
684.08	0.04	0.00499726
684.12	0.04	0.00143438
684.16	0.04	0.01371858
684.20	0.04	0.01077401
684.24	0.04	0.00477877
684.28	0.04	0.00877883
684.32	0.04	0.00874998
684.36	0.04	0.01176337
684.40	0.04	0.00630536
684.44	0.04	0.00595416
684.48	0.04	0.01297151
684.52	0.04	0.00754109
684.56	0.04	0.00501934
684.60	0.04	0.00384782
684.64	0.04	-0.00080732
684.68	0.04	0.00293252
684.72	0.04	0.00277645
684.76	0.04	0.00216841
684.80	0.04	0.00197535
684.84	0.04	0.00321282
684.88	0.04	0.00048626
684.92	0.04	0.00301459
684.96	0.04	0.00244073
685.00	0.04	0.00198741
685.04	0.04	0.00122102
685.08	0.04	0.00390756
685.12	0.04	0.00372884
685.16	0.04	0.00135471
685.20	0.04	0.00177936
685.24	0.04	0.00208808
685.28	0.04	-0.00031853
685.32	0.04	-0.00166168
685.36	0.04	0.00097642
685.40	0.04	0.00026842
685.44	0.04	0.00025720
685.48	0.04	-0.00058541
685.52	0.04	-0.00088778
685.56	0.04	0.00480119
685.60	0.04	0.00735050
685.64	0.04	0.00749797
685.68	0.04	-0.00267684
685.72	0.04	0.00100979
685.76	0.04	0.00174792
685.80	0.04	0.00056512
685.84	0.04	-0.00043779
685.88	0.04	0.00018175
685.92	0.04	-0.00038060
685.96	0.04	0.00296783
686.00	0.04	0.00191434
686.04	0.04	0.00116906
686.08	0.04	0.00158546
686.12	0.04	0.00246446
686.16	0.04	0.00293549
686.20	0.04	0.00284971
686.24	0.04	0.00062402
686.28	0.04	-0.00011694
686.32	0.04	-0.00004462
686.36	0.04	-0.00069103
686.40	0.04	-0.00005254
686.44	0.04	-0.00087119
686.48	0.04	-0.00064336
686.52	0.04	-0.00030677
686.56	0.04	0.00071548
686.60	0.04	0.00083971
686.64	0.04	0.00043485
686.68	0.04	0.00043838
686.72	0.04	0.00059611
686.76	0.04	0.00227966
686.80	0.04	0.00154348
686.84	0.04	0.00308780
686.88	0.04	0.00263163
686.92	0.04	0.00205630
686.96	0.04	0.00381223
687.00	0.04	0.00268495
687.04	0.04	0.00837084
687.08	0.04	0.00577168
687.12	0.04	0.00705505
687.16	0.04	0.00453955
687.20	0.04	0.00652083
687.24	0.04	0.01180010
687.28	0.04	0.00680021
687.32	0.04	0.01049084
687.36	0.04	0.01399932
687.40	0.04	0.01361658
687.44	0.04	0.01234077
687.48	0.04	0.00538542
687.52	0.04	0.00811724
687.56	0.04	0.01019697
687.60	0.04	0.00903199
687.64	0.04	0.00797645
687.68	0.04	0.01099173
687.72	0.04	0.01138194
687.76	0.04	0.01137279
687.80	0.04	0.00910349
687.84	0.04	0.01118380
687.88	0.04	0.01403418
687.92	0.04	0.01407223
687.96	0.04	0.01093782
688.00	0.04	0.01141660
688.04	0.04	0.01153420
688.08	0.04	0.00978803
688.12	0.04	0.01002952
688.16	0.04	0.00295588
688.20	0.04	0.00303285
688.24	0.04	-0.00067766
688.28	0.04	0.00533917
688.32	0.04	0.01153662
688.36	0.04	0.00333686
688.40	0.04	0.00253459
688.44	0.04	-0.00118696
688.48	0.04	0.00031709
688.52	0.04	0.00388161
688.56	0.04	0.00167943
688.60	0.04	0.00469958
688.64	0.04	0.00468782
688.68	0.04	0.00188137
688.72	0.04	0.00303588
688.76	0.04	0.00453813
688.80	0.04	0.00224552
688.84	0.04	0.00114277
688.88	0.04	0.00110711
688.92	0.04	0.00230509
688.96	0.04	-0.00020160
689.00	0.04	0.00124130
689.04	0.04	0.00239955
689.08	0.04	0.00287390
689.12	0.04	0.00394621
689.16	0.04	0.00419373
689.20	0.04	0.00387318
689.24	0.04	0.00336551
689.28	0.04	0.00105861
689.32	0.04	0.00336428
689.36	0.04	0.00582637
689.40	0.04	0.00351804
689.44	0.04	0.00291001
689.48	0.04	0.00279800
689.52	0.04	0.00502472
689.56	0.04	0.00373280
689.60	0.04	0.00069730
689.64	0.04	0.00372725
689.68	0.04	0.00178642
689.72	0.04	0.00213457
689.76	0.04	0.00266495
689.80	0.04	0.00394291
689.84	0.04	0.00578658
689.88	0.04	0.00168403
689.92	0.04	-0.00029337
689.96	0.04	0.00037294
690.00	0.04	0.00170725
690.04	0.04	-0.00181609
690.08	0.04	0.00093365
690.12	0.04	0.00043592
690.16	0.04	0.00088831
690.20	0.04	0.00202260
690.24	0.04	0.00262399
690.28	0.04	0.00279270
690.32	0.04	0.00834387
690.36	0.04	0.01008540
690.40	0.04	0.00752963
690.44	0.04	0.00784017
690.48	0.04	0.01052037
690.52	0.04	0.01239082
690.56	0.04	0.01175179
690.60	0.04	0.00830096
690.64	0.04	0.00812502
690.68	0.04	0.01579622
690.72	0.04	0.01647751
690.76	0.04	0.01095840
690.80	0.04	0.01277034
690.84	0.04	0.01106414
690.88	0.04	0.01065748
690.92	0.04	0.01110087
690.96	0.04	0.01068857
691.00	0.04	0.00788051
691.04	0.04	0.00790313
691.08	0.04	0.00568519
691.12	0.04	0.01164609
691.16	0.04	0.00662265
691.20	0.04	0.00277973
691.24	0.04	0.00090504
691.28	0.04	0.00348321
691.32	0.04	0.00507719
691.36	0.04	0.00128283
691.40	0.04	0.00382731
691.44	0.04	0.00406453
691.48	0.04	0.00004811
691.52	0.04	0.00010864
691.56	0.04	0.00218195
691.60	0.04	-0.00008899
691.64	0.04	-0.00397731
691.68	0.04	-0.00433243
691.72	0.04	0.00012812
691.76	0.04	-0.00208110
691.80	0.04	0.00240353
691.84	0.04	0.00248811
691.88	0.04	0.00205635
691.92	0.04	0.00447700
691.96	0.04	0.00353618
692.00	0.04	0.00093243
692.04	0.04	0.00350159
692.08	0.04	0.00352760
692.12	0.04	0.00426617
692.16	0.04	0.00355409
692.20	0.04	0.00430391
692.24	0.04	0.00735123
692.28	0.04	0.00537928
692.32	0.04	0.00274804
692.36	0.04	0.00040454
692.40	0.04	0.00125052
692.44	0.04	0.00476308
692.48	0.04	0.00307524
692.52	0.04	0.00104820
692.56	0.04	0.00238187
692.60	0.04	0.00545582
692.64	0.04	0.00858703
692.68	0.04	-0.00086858
692.72	0.04	0.00401624
692.76	0.04	0.00248770
692.80	0.04	0.00321032
692.84	0.04	-0.00142672
692.88	0.04	-0.00106320
692.92	0.04	0.00147042
692.96	0.04	0.00175500
693.00	0.04	0.00096020
693.04	0.04	0.00181028
693.08	0.04	0.00151230
693.12	0.04	0.00032984
693.16	0.04	0.00198775
693.20	0.04	0.00126079
693.24	0.04	-0.00005656
693.28	0.04	0.00032303
693.32	0.04	0.00096676
693.36	0.04	0.00265497
693.40	0.04	0.00332880
693.44	0.04	0.00574154
693.48	0.04	0.00167402
693.52	0.04	0.00083154
693.56	0.04	0.00138489
693.60	0.04	0.00145502
693.64	0.04	0.00063366
693.68	0.04	0.00262908
693.72	0.04	0.00334497
693.76	0.04	0.00182564
693.80	0.04	0.00157391
693.84	0.04	0.00237586
693.88	0.04	0.00388073
693.92	0.04	0.00370870
693.96	0.04	0.00646703
694.00	0.04	0.00643772
694.04	0.04	0.00467606
694.08	0.04	0.00155227
694.12	0.04	0.00298240
694.16	0.04	0.00191777
694.20	0.04	0.00595715
694.24	0.04	0.00402381
694.28	0.04	0.00172570
694.32	0.04	0.00571509
694.36	0.04	0.00549400
694.40	0.04	0.00419313
694.44	0.04	0.00410956
694.48	0.04	0.00339533
694.52	0.04	0.00440963
694.56	0.04	0.00763116
694.60	0.04	0.00260032
694.64	0.04	0.00214906
694.68	0.04	0.00403039
694.72	0.04	0.00471354
694.76	0.04	0.00526166
694.80	0.04	0.00283146
694.84	0.04	0.00287633
694.88	0.04	0.00346963
694.92	0.04	0.00539569
694.96	0.04	0.00265774
695.00	0.04	0.00366054
695.04	0.04	0.00883551
695.08	0.04	0.00275987
695.12	0.04	0.00208108
695.16	0.04	0.00079484
695.20	0.04	0.00210600
695.24	0.04	0.00348824
695.28	0.04	0.00154448
695.32	0.04	0.00263158
695.36	0.04	0.00281146
695.40	0.04	0.00651757
695.44	0.04	0.00531335
695.48	0.04	0.00570076
695.52	0.04	0.00302115
695.56	0.04	0.00311171
695.60	0.04	0.00160795
695.64	0.04	0.00374856
695.68	0.04	0.00392550
695.72	0.04	0.00192488
695.76	0.04	0.00239695
695.80	0.04	0.00094095
695.84	0.04	0.00203858
695.88	0.04	0.00700461
695.92	0.04	0.00160945
695.96	0.04	0.00132655
696.00	0.04	0.00296855
696.04	0.04	0.00613607
696.08	0.04	0.00674905
696.12	0.04	0.00598643
696.16	0.04	0.00126415
696.20	0.04	0.00051766
696.24	0.04	0.00196817
696.28	0.04	0.00082256
696.32	0.04	-0.00025663
696.36	0.04	0.00459970
696.40	0.04	0.00137346
696.44	0.04	0.00330085
696.48	0.04	0.00202508
696.52	0.04	0.00263701
696.56	0.04	0.00145820
696.60	0.04	0.00340381
696.64	0.04	0.00331820
696.68	0.04	0.00238936
696.72	0.04	0.00069342
696.76	0.04	0.00217238
696.80	0.04	0.00247311
696.84	0.04	0.00602077
696.88	0.04	0.00349861
696.92	0.04	0.00296326
696.96	0.04	0.00334595
697.00	0.04	0.00422246
697.04	0.04	0.00243473
697.08	0.04	0.00448131
697.12	0.04	0.00525505
697.16	0.04	0.00645520
697.20	0.04	-0.00175334
697.24	0.04	-0.00205620
697.28	0.04	0.00212102
697.32	0.04	0.00353260
697.36	0.04	0.00361611
697.40	0.04	0.00311316
697.44	0.04	0.00319055
697.48	0.04	0.00360815
697.52	0.04	0.00217691
697.56	0.04	0.00330649
697.60	0.04	0.00159617
697.64	0.04	0.00222118
697.68	0.04	0.00390582
697.72	0.04	0.00344374
697.76	0.04	-0.00020717
697.80	0.04	0.00312843
697.84	0.04	0.00183471
697.88	0.04	0.00188899
697.92	0.04	0.00226927
697.96	0.04	0.00290112
698.00	0.04	0.00124884
698.04	0.04	0.00192095
698.08	0.04	0.00183962
698.12	0.04	0.00106959
698.16	0.04	0.00046650
698.20	0.04	0.00340023
698.24	0.04	0.00438847
698.28	0.04	0.00296187
698.32	0.04	0.00244950
698.36	0.04	0.00136494
698.40	0.04	0.00207122
698.44	0.04	0.00297143
698.48	0.04	0.00486258
698.52	0.04	0.00297747
698.56	0.04	0.00309493
698.60	0.04	0.00145120
698.64	0.04	0.00081614
698.68	0.04	0.00234197
698.72	0.04	0.00372550
698.76	0.04	0.00302390
698.80	0.04	0.00150683
698.84	0.04	0.00171294
698.88	0.04	0.00099281
698.92	0.04	0.00273104
698.96	0.04	0.00283545
699.00	0.04	0.00114339
699.04	0.04	0.00098486
699.08	0.04	0.00221298
699.12	0.04	0.00179260
699.16	0.04	0.00615048
699.20	0.04	0.00324788
699.24	0.04	0.00314484
699.28	0.04	0.00284058
699.32	0.04	0.00170871
699.36	0.04	0.00148252
699.40	0.04	0.00028275
699.44	0.04	0.00175578
699.48	0.04	0.00250685
699.52	0.04	0.00388399
699.56	0.04	0.00364305
699.60	0.04	0.00061810
699.64	0.04	0.00237034
699.68	0.04	0.00471506
699.72	0.04	0.00307842
699.76	0.04	-0.00014711
699.80	0.04	0.00107226
699.84	0.04	0.00277302
699.88	0.04	0.00510008
699.92	0.04	0.00188594
699.96	0.04	0.00094989
700.00	0.04	0.00029271
700.04	0.04	0.00022919
700.08	0.04	-0.00069344
700.12	0.04	-0.00217281
700.16	0.04	0.00062580
700.20	0.04	0.00237342
700.24	0.04	0.00231152
700.28	0.04	-0.00611049
700.32	0.04	-0.00601904
700.36	0.04	-0.00395930
700.40	0.04	0.00354160
700.44	0.04	0.00441246
700.48	0.04	0.00157026
700.52	0.04	0.00122641
700.56	0.04	0.00253121
700.60	0.04	0.00177411
700.64	0.04	0.00363108
700.68	0.04	0.00186631
700.72	0.04	0.00304060
700.76	0.04	0.00385436
700.80	0.04	0.00477538
700.84	0.04	0.00225686
700.88	0.04	0.00063621
700.92	0.04	0.00121001
700.96	0.04	0.00174908
701.00	0.04	0.00104735
701.04	0.04	0.00167111
701.08	0.04	0.00163836
701.12	0.04	0.00072948
701.16	0.04	0.00080642
701.20	0.04	0.00047361
701.24	0.04	0.00060607
701.28	0.04	-0.00024384
701.32	0.04	0.00138288
701.36	0.04	0.00156054
701.40	0.04	0.00163944
701.44	0.04	0.00174408
701.48	0.04	0.00155927
701.52	0.04	0.00160500
701.56	0.04	-0.00083041
701.60	0.04	-0.00087050
701.64	0.04	0.00070962
701.68	0.04	0.00084337
701.72	0.04	0.00052425
701.76	0.04	0.00008574
701.80	0.04	0.00222225
701.84	0.04	0.00316343
701.88	0.04	0.00049927
701.92	0.04	0.00151490
701.96	0.04	-0.00017851
702.00	0.04	0.00007279
702.04	0.04	-0.00104422
702.08	0.04	0.00307327
702.12	0.04	0.00333937
702.16	0.04	0.00169436
702.20	0.04	0.00126721
702.24	0.04	0.00078450
702.28	0.04	0.00056464
702.32	0.04	0.00088858
702.36	0.04	0.00637106
702.40	0.04	0.00422425
702.44	0.04	0.00192888
702.48	0.04	-0.00065560
702.52	0.04	-0.00027543
702.56	0.04	0.00116111
702.60	0.04	0.00065915
702.64	0.04	-0.00218776
702.68	0.04	-0.00445293
702.72	0.04	0.00154339
702.76	0.04	-0.00511795
702.80	0.04	-0.00324261
702.84	0.04	0.00011039
702.88	0.04	-0.00431937
702.92	0.04	-0.00470092
702.96	0.04	-0.00622050
703.00	0.04	-0.00423758
703.04	0.04	-0.00364403
703.08	0.04	-0.00401805
703.12	0.04	0.00068608
703.16	0.04	-0.00042490
703.20	0.04	0.00107447
703.24	0.04	0.00044611
703.28	0.04	0.00034652
703.32	0.04	-0.00037769
703.36	0.04	-0.00192330
703.40	0.04	0.00088521
703.44	0.04	-0.00228748
703.48	0.04	-0.00391761
703.52	0.04	-0.00430413
703.56	0.04	-0.00154414
703.60	0.04	-0.00672574
703.64	0.04	-0.00418081
703.68	0.04	-0.00477081
703.72	0.04	-0.00415832
703.76	0.04	-0.00689340
703.80	0.04	-0.00744461
703.84	0.04	-0.00514112
703.88	0.04	-0.00694940
703.92	0.04	0.00267788
703.96	0.04	-0.00397331
704.00	0.04	-0.00350433
704.04	0.04	-0.00268669
704.08	0.04	-0.00057484
704.12	0.04	0.00040903
704.16	0.04	-0.00198478
704.20	0.04	-0.00163390
704.24	0.04	-0.00219555
704.28	0.04	-0.00611692
704.32	0.04	-0.00412402
704.36	0.04	-0.00148363
704.40	0.04	-0.00292947
704.44	0.04	-0.00202729
704.48	0.04	-0.00163656
704.52	0.04	0.00022147
704.56	0.04	-0.00161736
704.60	0.04	-0.00327398
704.64	0.04	-0.00333483
704.68	0.04	-0.00213779
704.72	0.04	-0.00106212
704.76	0.04	-0.00227819
704.80	0.04	-0.00265907
704.84	0.04	-0.00420024
704.88	0.04	-0.00320121
704.92	0.04	0.00656167
704.96	0.04	-0.00007322
705.00	0.04	-0.00476625
705.04	0.04	-0.00589759
705.08	0.04	-0.00615614
705.12	0.04	-0.00550579
705.16	0.04	-0.00486387
705.20	0.04	0.00309532
705.24	0.04	0.00514745
705.28	0.04	0.00526195
705.32	0.04	0.00041467
705.36	0.04	-0.00170324
705.40	0.04	-0.00335453
705.44	0.04	-0.00207001
705.48	0.04	0.00014106
705.52	0.04	0.00010250
705.56	0.04	-0.00342675
705.60	0.04	0.00185452
705.64	0.04	-0.00044920
705.68	0.04	-0.00013141
705.72	0.04	-0.00114617
705.76	0.04	-0.00084701
705.80	0.04	-0.00252905
705.84	0.04	-0.00500463
705.88	0.04	-0.00194533
705.92	0.04	-0.00036825
705.96	0.04	-0.00097372
706.00	0.04	0.00319515
706.04	0.04	-0.00131827
706.08	0.04	-0.00069214
706.12	0.04	-0.00039922
706.16	0.04	0.00059935
706.20	0.04	0.00164930
706.24	0.04	0.00188247
706.28	0.04	0.00293951
706.32	0.04	0.00174954
706.36	0.04	0.00181474
706.40	0.04	-0.00033527
706.44	0.04	-0.00421680
706.48	0.04	-0.00371716
706.52	0.04	0.00068110
706.56	0.04	-0.00319568
706.60	0.04	-0.00156096
706.64	0.04	-0.00461363
706.68	0.04	-0.01025456
706.72	0.04	-0.01008643
706.76	0.04	-0.00809199
706.80	0.04	-0.00570690
706.84	0.04	-0.01046641
706.88	0.04	-0.00927146
706.92	0.04	-0.00167698
706.96	0.04	-0.00159535
707.00	0.04	-0.00378064
707.04	0.04	0.00460937
707.08	0.04	-0.00184014
707.12	0.04	-0.00123920
707.16	0.04	-0.00303569
707.20	0.04	-0.00048616
707.24	0.04	-0.00117528
707.28	0.04	-0.00171917
707.32	0.04	-0.00283162
707.36	0.04	-0.00066548
707.40	0.04	0.00136373
707.44	0.04	-0.00032801
707.48	0.04	0.00033658
707.52	0.04	0.00061560
707.56	0.04	0.00066026
707.60	0.04	0.00027529
707.64	0.04	0.00119276
707.68	0.04	0.00006647
707.72	0.04	-0.00080088
707.76	0.04	-0.00323840
707.80	0.04	-0.00258568
707.84	0.04	-0.00366265
707.88	0.04	-0.00185106
707.92	0.04	-0.00203982
707.96	0.04	-0.00046959
708.00	0.04	0.00023270
708.04	0.04	-0.00212979
708.08	0.04	-0.00052226
708.12	0.04	-0.00602910
708.16	0.04	-0.00823132
708.20	0.04	-0.00969427
708.24	0.04	-0.00953955
708.28	0.04	-0.00921159
708.32	0.04	-0.00679276
708.36	0.04	-0.00357011
708.40	0.04	0.00016253
708.44	0.04	-0.00252175
708.48	0.04	0.00086284
708.52	0.04	-0.00319690
708.56	0.04	-0.00131734
708.60	0.04	0.00017351
708.64	0.04	-0.00155030
708.68	0.04	-0.00193906
708.72	0.04	0.00024012
708.76	0.04	-0.00275707
708.80	0.04	0.00093345
708.84	0.04	-0.00082300
708.88	0.04	0.00066952
708.92	0.04	-0.00061419
708.96	0.04	-0.00050481
709.00	0.04	-0.00005978
709.04	0.04	-0.00052674
709.08	0.04	-0.00145749
709.12	0.04	0.00361164
709.16	0.04	0.00268996
709.20	0.04	-0.00038609
709.24	0.04	-0.00055888
709.28	0.04	-0.00068051
709.32	0.04	-0.00055096
709.36	0.04	-0.00125491
709.40	0.04	0.00388548
709.44	0.04	0.00325502
709.48	0.04	0.00070633
709.52	0.04	0.00038942
709.56	0.04	-0.00136626
709.60	0.04	-0.00046184
709.64	0.04	-0.00052094
709.68	0.04	0.00274222
709.72	0.04	0.00031280
709.76	0.04	0.00064523
709.80	0.04	0.00637872
709.84	0.04	0.00066380
709.88	0.04	-0.00000245
709.92	0.04	-0.00084494
709.96	0.04	-0.00378894
710.00	0.04	-0.00224440
710.04	0.04	-0.00326556
710.08	0.04	-0.00490387
710.12	0.04	-0.00424721
710.16	0.04	-0.00231557
710.20	0.04	0.00311096
710.24	0.04	-0.00599952
710.28	0.04	-0.00605561
710.32	0.04	-0.00440154
710.36	0.04	-0.00299082
710.40	0.04	-0.00162181
710.44	0.04	-0.00190898
710.48	0.04	0.00138877
710.52	0.04	-0.00014166
710.56	0.04	-0.00112696
710.60	0.04	-0.00048058
710.64	0.04	-0.00099019
710.68	0.04	-0.00087840
710.72	0.04	0.00041648
710.76	0.04	-0.00341649
710.80	0.04	-0.00336707
710.84	0.04	-0.00289708
710.88	0.04	-0.00358567
710.92	0.04	-0.00423712
710.96	0.04	-0.00512246
711.00	0.04	-0.00395546
711.04	0.04	-0.00349147
711.08	0.04	-0.00500468
711.12	0.04	-0.00271508
711.16	0.04	-0.00293743
711.20	0.04	-0.00119686
711.24	0.04	0.00867888
711.28	0.04	-0.00038959
711.32	0.04	-0.00267027
711.36	0.04	-0.00566436
711.40	0.04	-0.00237098
711.44	0.04	-0.00153079
711.48	0.04	-0.00230125
711.52	0.04	-0.00047286
711.56	0.04	0.00064468
711.60	0.04	-0.00012467
711.64	0.04	-0.00071384
711.68	0.04	-0.00070947
711.72	0.04	-0.00106674
711.76	0.04	0.00062862
711.80	0.04	-0.00244264
711.84	0.04	0.00098884
711.88	0.04	0.00016006
711.92	0.04	-0.00173616
711.96	0.04	-0.00048364
712.00	0.04	-0.00045623
712.04	0.04	-0.00028201
712.08	0.04	-0.00055713
712.12	0.04	0.00028615
712.16	0.04	-0.00175274
712.20	0.04	-0.00174695
712.24	0.04	0.00032510
712.28	0.04	-0.00107128
712.32	0.04	0.00223544
712.36	0.04	0.00006857
712.40	0.04	-0.00023734
712.44	0.04	-0.00084436
712.48	0.04	-0.00009082
712.52	0.04	0.00021327
712.56	0.04	0.00040868
712.60	0.04	-0.00070019
712.64	0.04	-0.00063331
712.68	0.04	0.00041559
712.72	0.04	-0.00113175
712.76	0.04	-0.00231992
712.80	0.04	0.00191342
712.84	0.04	0.00337654
712.88	0.04	0.00209651
712.92	0.04	0.00254560
712.96	0.04	0.00258552
713.00	0.04	0.00116718
713.04	0.04	-0.00029107
713.08	0.04	-0.00145445
713.12	0.04	0.00077872
713.16	0.04	0.00068031
713.20	0.04	0.00105264
713.24	0.04	0.00076155
713.28	0.04	0.00017708
713.32	0.04	-0.00274114
713.36	0.04	0.00814802
713.40	0.04	0.00044979
713.44	0.04	0.00046885
713.48	0.04	-0.00026503
713.52	0.04	0.00028539
713.56	0.04	0.00041505
713.60	0.04	0.00058656
713.64	0.04	0.00086444
713.68	0.04	0.00213764
713.72	0.04	0.00008023
713.76	0.04	-0.00111524
713.80	0.04	0.00030143
713.84	0.04	-0.00094514
713.88	0.04	0.00106638
713.92	0.04	0.00168432
713.96	0.04	0.00180064
714.00	0.04	0.00092199
714.04	0.04	-0.00109355
714.08	0.04	-0.00109919
714.12	0.04	-0.00091007
714.16	0.04	0.00031497
714.20	0.04	0.00053519
714.24	0.04	-0.00036895
714.28	0.04	0.00189711
714.32	0.04	-0.00095554
714.36	0.04	0.00486029
714.40	0.04	0.00145226
714.44	0.04	-0.00105958
714.48	0.04	-0.00162558
714.52	0.04	-0.00033649
714.56	0.04	-0.00000880
714.60	0.04	-0.00015102
714.64	0.04	0.00671901
714.68	0.04	-0.00030460
714.72	0.04	0.00046649
714.76	0.04	-0.00041131
714.80	0.04	0.00051814
714.84	0.04	-0.00062750
714.88	0.04	0.00058254
714.92	0.04	0.00415278
714.96	0.04	0.00148144
715.00	0.04	0.00085472
715.04	0.04	0.00275750
715.08	0.04	-0.00104080
715.12	0.04	-0.00037267
715.16	0.04	-0.00028994
715.20	0.04	0.00025956
715.24	0.04	-0.00136901
715.28	0.04	-0.00054430
715.32	0.04	-0.00073310
715.36	0.04	0.00035935
715.40	0.04	0.00367521
715.44	0.04	0.00588468
715.48	0.04	0.00078576
715.52	0.04	-0.00007374
715.56	0.04	0.00016672
715.60	0.04	-0.00077506
715.64	0.04	-0.00021963
715.68	0.04	0.00100010
715.72	0.04	0.00007656
715.76	0.04	0.00038819
715.80	0.04	0.00035944
715.84	0.04	-0.00230553
715.88	0.04	-0.00115490
715.92	0.04	-0.00049175
715.96	0.04	0.00140880
716.00	0.04	0.00141620
716.04	0.04	0.00053135
716.08	0.04	-0.00012410
716.12	0.04	-0.00045981
716.16	0.04	-0.00017073
716.20	0.04	-0.00013257
716.24	0.04	0.00166427
716.28	0.04	0.00132576
716.32	0.04	0.00031157
716.36	0.04	0.00008130
716.40	0.04	0.00009461
716.44	0.04	0.00015204
716.48	0.04	0.01146100
716.52	0.04	-0.00009691
716.56	0.04	-0.00090147
716.60	0.04	-0.00170449
716.64	0.04	-0.00091802
716.68	0.04	-0.00133555
716.72	0.04	-0.00101644
716.76	0.04	0.00124973
716.80	0.04	-0.00122992
716.84	0.04	-0.00094127
716.88	0.04	0.00042714
716.92	0.04	-0.00100191
716.96	0.04	-0.00057835
717.00	0.04	0.00242127
717.04	0.04	0.00155529
717.08	0.04	0.00214345
717.12	0.04	-0.00096759
717.16	0.04	-0.00179207
717.20	0.04	0.00032035
717.24	0.04	-0.00015941
717.28	0.04	-0.00083413
717.32	0.04	0.00027323
717.36	0.04	-0.00065231
717.40	0.04	0.00027406
717.44	0.04	-0.00011046
717.48	0.04	0.00159742
717.52	0.04	0.00984984
717.56	0.04	0.00133090
717.60	0.04	0.00072905
717.64	0.04	0.00197998
717.68	0.04	-0.00090620
717.72	0.04	-0.00118571
717.76	0.04	0.00072684
717.80	0.04	0.00204275
717.84	0.04	0.00070380
717.88	0.04	0.00065085
717.92	0.04	-0.00031163
717.96	0.04	-0.00051136
718.00	0.04	-0.00151237
718.04	0.04	0.00001296
718.08	0.04	-0.00051592
718.12	0.04	-0.00027431
718.16	0.04	-0.00016926
718.20	0.04	-0.00064451
718.24	0.04	-0.00070844
718.28	0.04	-0.00008605
718.32	0.04	0.00095840
718.36	0.04	-0.00057000
718.40	0.04	0.00034463
718.44	0.04	0.00061306
718.48	0.04	-0.00056607
718.52	0.04	-0.00059088
718.56	0.04	-0.00009940
718.60	0.04	-0.00147705
718.64	0.04	-0.00029113
718.68	0.04	-0.00005676
718.72	0.04	0.00031198
718.76	0.04	-0.00110367
718.80	0.04	-0.00050068
718.84	0.04	0.00014443
718.88	0.04	-0.00091601
718.92	0.04	-0.00085078
718.96	0.04	-0.00057220
719.00	0.04	-0.00084316
719.04	0.04	0.00040348
719.08	0.04	0.00131695
719.12	0.04	-0.00081544
719.16	0.04	-0.00012268
719.20	0.04	-0.00114842
719.24	0.04	0.00044374
719.28	0.04	-0.00252153
719.32	0.04	-0.00117315
719.36	0.04	-0.00050868
719.40	0.04	0.00018203
719.44	0.04	-0.00025965
719.48	0.04	-0.00122925
719.52	0.04	-0.00043673
719.56	0.04	0.00044463
719.60	0.04	0.00322821
719.64	0.04	0.00006340
719.68	0.04	-0.00074233
719.72	0.04	0.00022961
719.76	0.04	0.00055290
719.80	0.04	0.00082213
719.84	0.04	-0.00044177
719.88	0.04	-0.00002396
719.92	0.04	-0.00154244
719.96	0.04	-0.00123760
720.00	0.04	-0.00132357
720.04	0.04	-0.00127513
720.08	0.04	-0.00104730
720.12	0.04	0.00150270
720.16	0.04	0.00114631
720.20	0.04	0.00122979
720.24	0.04	-0.00015888
720.28	0.04	-0.00027641
720.32	0.04	-0.00056232
720.36	0.04	-0.00020896
720.40	0.04	0.00094204
720.44	0.04	0.00010200
720.48	0.04	-0.00133651
720.52	0.04	-0.00043939
720.56	0.04	0.00017506
720.60	0.04	0.00160408
720.64	0.04	0.00227868
720.68	0.04	0.00037048
720.72	0.04	-0.00018934
720.76	0.04	0.00039766
720.80	0.04	-0.00104003
720.84	0.04	-0.00042322
720.88	0.04	-0.00132277
720.92	0.04	-0.00060625
720.96	0.04	-0.00071671
721.00	0.04	-0.00062917
721.04	0.04	-0.00024499
721.08	0.04	-0.00080910
721.12	0.04	-0.00028173
721.16	0.04	0.00037194
721.20	0.04	0.00158912
721.24	0.04	-0.00020289
721.28	0.04	-0.00098780
721.32	0.04	-0.00137980
721.36	0.04	-0.00098201
721.40	0.04	-0.00069282
721.44	0.04	-0.00036333
721.48	0.04	0.00009824
721.52	0.04	0.00049661
721.56	0.04	-0.00013308
721.60	0.04	-0.00084522
721.64	0.04	-0.00094005
721.68	0.04	0.00116559
721.72	0.04	-0.00087911
721.76	0.04	-0.00090624
721.80	0.04	-0.00043967
721.84	0.04	-0.00056583
721.88	0.04	-0.00027707
721.92	0.04	0.00000061
721.96	0.04	0.00025774
722.00	0.04	-0.00032183
722.04	0.04	-0.00023869
722.08	0.04	-0.00029352
722.12	0.04	0.00003835
722.16	0.04	0.00012272
722.20	0.04	-0.00003319
722.24	0.04	0.00017317
722.28	0.04	-0.00065685
722.32	0.04	-0.00104227
722.36	0.04	-0.00110641
722.40	0.04	-0.00094760
722.44	0.04	-0.00089401
722.48	0.04	-0.00011778
722.52	0.04	-0.00044004
722.56	0.04	-0.00038949
722.60	0.04	-0.00032988
722.64	0.04	-0.00064083
722.68	0.04	-0.00062930
722.72	0.04	0.00019629
722.76	0.04	0.00045876
722.80	0.04	0.00014333
722.84	0.04	0.00004348
722.88	0.04	-0.00016232
722.92	0.04	-0.00036593
722.96	0.04	-0.00013122
723.00	0.04	-0.00015027
723.04	0.04	-0.00010135
723.08	0.04	-0.00004267
723.12	0.04	-0.00024231
723.16	0.04	-0.00039145
723.20	0.04	-0.00003138
723.24	0.04	0.00010139
723.28	0.04	-0.00011957
723.32	0.04	0.00002441
723.36	0.04	-0.00016473
723.40	0.04	0.00020999
723.44	0.04	-0.00031449
723.48	0.04	0.00027180
723.52	0.04	0.00015035
723.56	0.04	-0.00038385
723.60	0.04	0.00000600
723.64	0.04	0.00011029
723.68	0.04	0.00034619
723.72	0.04	0.00021487
723.76	0.04	0.00015158
723.80	0.04	0.00047877
723.84	0.04	-0.00099666
723.88	0.04	0.00007301
723.92	0.04	-0.00029686
723.96	0.04	-0.00017606
724.00	0.04	0.00072424
724.04	0.04	-0.00011571
724.08	0.04	-0.00025204
724.12	0.04	-0.00007935
724.16	0.04	-0.00000671
724.20	0.04	0.00008880
724.24	0.04	-0.00002509
724.28	0.04	0.00054454
724.32	0.04	-0.00074828
724.36	0.04	0.00079782
724.40	0.04	0.00030288
724.44	0.04	0.00072130
724.48	0.04	0.00127534
724.52	0.04	0.00018522
724.56	0.04	0.00007882
724.60	0.04	0.00007419
724.64	0.04	0.00009741
724.68	0.04	0.00032327
724.72	0.04	0.00110869
724.76	0.04	0.00055008
724.80	0.04	0.00053574
724.84	0.04	-0.00011965
724.88	0.04	0.00013472
724.92	0.04	-0.00010481
724.96	0.04	-0.00023455
725.00	0.04	-0.00019255
725.04	0.04	-0.00055619
725.08	0.04	-0.00018653
725.12	0.04	0.00029963
725.16	0.04	0.00011757
725.20	0.04	0.00011740
725.24	0.04	0.00023906
725.28	0.04	0.00036007
725.32	0.04	0.00023450
725.36	0.04	0.00003192
725.40	0.04	-0.00009285
725.44	0.04	-0.00051755
725.48	0.04	0.00001289
725.52	0.04	-0.00017782
725.56	0.04	-0.00025407
725.60	0.04	-0.00063782
725.64	0.04	-0.00010383
725.68	0.04	-0.00023887
725.72	0.04	-0.00026262
725.76	0.04	0.00014004
725.80	0.04	0.00013782
725.84	0.04	0.00004675
725.88	0.04	-0.00049565
725.92	0.04	-0.00029219
725.96	0.04	-0.00030435
726.00	0.04	-0.00002125
726.04	0.04	-0.00041162
726.08	0.04	-0.00004428
726.12	0.04	0.00032285
726.16	0.04	-0.00013721
726.20	0.04	-0.00012053
726.24	0.04	-0.00011616
726.28	0.04	0.00015525
726.32	0.04	-0.00005219
726.36	0.04	-0.00013254
726.40	0.04	-0.00034119
726.44	0.04	0.00019496
726.48	0.04	0.00007509
726.52	0.04	-0.00005315
726.56	0.04	-0.00007129
726.60	0.04	0.00029637
726.64	0.04	-0.00004912
726.68	0.04	0.00016366
726.72	0.04	-0.00002882
726.76	0.04	0.00002217
726.80	0.04	-0.00001952
726.84	0.04	0.00018353
726.88	0.04	0.00036265
726.92	0.04	0.00039529
726.96	0.04	-0.00043318
727.00	0.04	-0.00013250
727.04	0.04	-0.00001544
727.08	0.04	0.00008739
727.12	0.04	-0.00035187
727.16	0.04	-0.00029549
727.20	0.04	-0.00028299
727.24	0.04	-0.00034580
727.28	0.04	-0.00042766
727.32	0.04	-0.00045530
727.36	0.04	-0.00036682
727.40	0.04	0.00018352
727.44	0.04	-0.00042426
727.48	0.04	-0.00013286
727.52	0.04	-0.00017165
727.56	0.04	0.00002131
727.60	0.04	0.00002853
727.64	0.04	-0.00015752
727.68	0.04	-0.00004635
727.72	0.04	-0.00006455
727.76	0.04	-0.00005843
727.80	0.04	-0.00003605
727.84	0.04	-0.00005577
727.88	0.04	-0.00002342
727.92	0.04	-0.00004837
727.96	0.04	0.00006743
728.00	0.04	-0.00011247
728.04	0.04	-0.00000142
728.08	0.04	-0.00006367
728.12	0.04	-0.00025240
728.16	0.04	-0.00028231
728.20	0.04	0.00015834
728.24	0.04	-0.00011860
728.28	0.04	0.00000693
728.32	0.04	0.00003751
728.36	0.04	-0.00018131
728.40	0.04	0.00024968
728.44	0.04	-0.00040035
728.48	0.04	-0.00070305
728.52	0.04	0.00037450
728.56	0.04	0.00031481
728.60	0.04	0.00017843
728.64	0.04	-0.00006386
728.68	0.04	-0.00034205
728.72	0.04	0.00011475
728.76	0.04	0.00043217
728.80	0.04	-0.00090895
728.84	0.04	0.00013297
728.88	0.04	-0.00024111
728.92	0.04	0.00036118
728.96	0.04	-0.00034139
729.00	0.04	-0.00007781
729.04	0.04	-0.00014583
729.08	0.04	-0.00006444
729.12	0.04	-0.00023298
729.16	0.04	-0.00012448
729.20	0.04	-0.00019695
729.24	0.04	-0.00011265
729.28	0.04	-0.00018543
729.32	0.04	0.00006825
729.36	0.04	-0.00008291
729.40	0.04	0.00003467
729.44	0.04	0.00000043
729.48	0.04	-0.00024641
729.52	0.04	-0.00026328
729.56	0.04	-0.00061663
729.60	0.04	-0.00045768
729.64	0.04	-0.00035237
729.68	0.04	-0.00021838
729.72	0.04	-0.00026180
729.76	0.04	0.00014136
729.80	0.04	0.00011654
729.84	0.04	-0.00016388
729.88	0.04	-0.00007314
729.92	0.04	-0.00037392
729.96	0.04	-0.00044246
730.00	0.04	-0.00021168
730.04	0.04	0.00015205
730.08	0.04	-0.00015190
730.12	0.04	-0.00041577
730.16	0.04	-0.00039597
730.20	0.04	-0.00034227
730.24	0.04	-0.00035641
730.28	0.04	-0.00012212
730.32	0.04	0.00003482
730.36	0.04	-0.00005303
730.40	0.04	-0.00031409
730.44	0.04	-0.00036169
730.48	0.04	-0.00005556
730.52	0.04	-0.00024894
730.56	0.04	0.00001321
730.60	0.04	-0.00005555
730.64	0.04	-0.00027783
730.68	0.04	-0.00006803
730.72	0.04	-0.00045302
730.76	0.04	-0.00062139
730.80	0.04	-0.00007032
730.84	0.04	-0.00026315
730.88	0.04	-0.00002089
730.92	0.04	-0.00024143
730.96	0.04	-0.00037337
731.00	0.04	-0.00009109
731.04	0.04	-0.00055311
731.08	0.04	-0.00000011
731.12	0.04	-0.00056648
731.16	0.04	-0.00045742
731.20	0.04	-0.00027789
731.24	0.04	-0.00040105
731.28	0.04	-0.00040750
731.32	0.04	-0.00063954
731.36	0.04	-0.00036024
731.40	0.04	-0.00043062
731.44	0.04	-0.00021113
731.48	0.04	-0.00035432
731.52	0.04	-0.00021433
731.56	0.04	-0.00005574
731.60	0.04	-0.00020710
731.64	0.04	-0.00025070
731.68	0.04	-0.00009534
731.72	0.04	-0.00011759
731.76	0.04	-0.00035079
731.80	0.04	-0.00019739
731.84	0.04	-0.00027690
731.88	0.04	-0.00002034
731.92	0.04	-0.00003842
731.96	0.04	-0.00014969
732.00	0.04	-0.00030261
732.04	0.04	-0.00013042
732.08	0.04	-0.00011287
732.12	0.04	-0.00015449
732.16	0.04	-0.00030663
732.20	0.04	-0.00026893
732.24	0.04	-0.00001803
732.28	0.04	-0.00015089
732.32	0.04	-0.00009014
732.36	0.04	-0.00018516
732.40	0.04	-0.00004321
732.44	0.04	-0.00016332
732.48	0.04	-0.00007029
732.52	0.04	-0.00022215
732.56	0.04	-0.00029962
732.60	0.04	-0.00039648
732.64	0.04	-0.00020751
732.68	0.04	-0.00028331
732.72	0.04	-0.00019712
732.76	0.04	-0.00017617
732.80	0.04	-0.00032115
732.84	0.04	-0.00026259
732.88	0.04	-0.00020952
732.92	0.04	-0.00029200
732.96	0.04	-0.00024502
733.00	0.04	-0.00024983
733.04	0.04	-0.00035187
733.08	0.04	-0.00030331
733.12	0.04	-0.00030068
733.16	0.04	-0.00021474
733.20	0.04	-0.00009021
733.24	0.04	-0.00025792
733.28	0.04	-0.00019308
733.32	0.04	-0.00033190
733.36	0.04	-0.00030091
733.40	0.04	-0.00032503
733.44	0.04	-0.00016760
733.48	0.04	-0.00019308
733.52	0.04	-0.00001342
733.56	0.04	-0.00018788
733.60	0.04	-0.00026065
733.64	0.04	-0.00030128
733.68	0.04	-0.00028029
733.72	0.04	-0.00032053
733.76	0.04	-0.00013350
733.80	0.04	-0.00022661
733.84	0.04	-0.00014337
733.88	0.04	-0.00022459
733.92	0.04	-0.00011116
733.96	0.04	-0.00018750
734.00	0.04	-0.00012208
734.04	0.04	-0.00018073
734.08	0.04	-0.00003656
734.12	0.04	-0.00010099
734.16	0.04	-0.00021015
734.20	0.04	-0.00019644
734.24	0.04	-0.00023088
734.28	0.04	-0.00023788
734.32	0.04	-0.00015097
734.36	0.04	-0.00018619
734.40	0.04	-0.00026398
734.44	0.04	-0.00031886
734.48	0.04	-0.00023174
734.52	0.04	-0.00022695
734.56	0.04	-0.00018877
734.60	0.04	-0.00026081
734.64	0.04	-0.00011028
734.68	0.04	-0.00021925
734.72	0.04	-0.00022178
734.76	0.04	-0.00023152
734.80	0.04	-0.00028615
734.84	0.04	-0.00020874
734.88	0.04	-0.00023682
734.92	0.04	-0.00018356
734.96	0.04	-0.00021381
735.00	0.04	-0.00017903
735.04	0.04	-0.00018549
735.08	0.04	-0.00018941
735.12	0.04	-0.00022816
735.16	0.04	-0.00014940
735.20	0.04	-0.00023754
735.24	0.04	-0.00025214
735.28	0.04	-0.00035732
735.32	0.04	-0.00032178
735.36	0.04	-0.00038783
735.40	0.04	-0.00023475
735.44	0.04	-0.00019884
735.48	0.04	-0.00026263
735.52	0.04	-0.00047777
735.56	0.04	-0.00030286
735.60	0.04	-0.00033955
735.64	0.04	-0.00036444
735.68	0.04	-0.00032560
735.72	0.04	-0.00022642
735.76	0.04	-0.00032131
735.80	0.04	-0.00021212
735.84	0.04	-0.00043276
735.88	0.04	-0.00031084
735.92	0.04	-0.00031576
735.96	0.04	-0.00036267
736.00	0.04	-0.00036591
736.04	0.04	-0.00028774
736.08	0.04	-0.00033990
736.12	0.04	-0.00023343
736.16	0.04	-0.00028469
736.20	0.04	-0.00032775
736.24	0.04	-0.00054107
736.28	0.04	-0.00040464
736.32	0.04	-0.00044872
736.36	0.04	-0.00048132
736.40	0.04	-0.00047718
736.44	0.04	-0.00050879
736.48	0.04	-0.00042598
736.52	0.04	-0.00039292
736.56	0.04	-0.00025493
736.60	0.04	-0.00024746
736.64	0.04	-0.00032392
736.68	0.04	-0.00039196
736.72	0.04	-0.00042401
736.76	0.04	-0.00031069
736.80	0.04	-0.00039050
736.84	0.04	-0.00026432
736.88	0.04	-0.00030507
736.92	0.04	-0.00036428
736.96	0.04	-0.00043908
737.00	0.04	-0.00040305
737.04	0.04	-0.00047394
737.08	0.04	-0.00042247
737.12	0.04	-0.00034249
737.16	0.04	-0.00033712
737.20	0.04	-0.00035905
737.24	0.04	-0.00029164
737.28	0.04	-0.00029425
737.32	0.04	-0.00025583
737.36	0.04	-0.00024369
737.40	0.04	-0.00024781
737.44	0.04	-0.00019361
737.48	0.04	-0.00025285
737.52	0.04	-0.00016097
737.56	0.04	-0.00024920
737.60	0.04	-0.00007842
737.64	0.04	-0.00012447
737.68	0.04	-0.00013746
737.72	0.04	-0.00013763
737.76	0.04	-0.00006466
737.80	0.04	-0.00009169
737.84	0.04	-0.00014048
737.88	0.04	-0.00005423
737.92	0.04	-0.00008950
737.96	0.04	-0.00014723
738.00	0.04	-0.00014082
738.04	0.04	-0.00013440
738.08	0.04	0.00001505
738.12	0.04	-0.00012947
738.16	0.04	-0.00005672
738.20	0.04	-0.00004473
738.24	0.04	-0.00010906
738.28	0.04	-0.00015307
738.32	0.04	-0.00007232
738.36	0.04	-0.00020734
738.40	0.04	-0.00024266
738.44	0.04	-0.00023175
738.48	0.04	-0.00023737
738.52	0.04	-0.00019596
738.56	0.04	-0.00015703
738.60	0.04	-0.00020792
738.64	0.04	-0.00023591
738.68	0.04	-0.00024318
738.72	0.04	-0.00029499
738.76	0.04	-0.00028005
738.80	0.04	-0.00035358
738.84	0.04	-0.00032294
738.88	0.04	-0.00023951
738.92	0.04	-0.00019171
738.96	0.04	-0.00021187
739.00	0.04	-0.00027988
739.04	0.04	-0.00024097
739.08	0.04	-0.00034345
739.12	0.04	-0.00024135
739.16	0.04	-0.00015911
739.20	0.04	-0.00020427
739.24	0.04	-0.00017536
739.28	0.04	-0.00010236
739.32	0.04	-0.00007017
739.36	0.04	-0.00007697
739.40	0.04	-0.00008114
739.44	0.04	-0.00007655
739.48	0.04	-0.00007849
739.52	0.04	0.00009165
739.56	0.04	0.00004925
739.60	0.04	0.00000939
739.64	0.04	-0.00004000
739.68	0.04	0.00005146
739.72	0.04	-0.00004477
739.76	0.04	-0.00000904
739.80	0.04	-0.00011806
739.84	0.04	0.00009471
739.88	0.04	0.00001762
739.92	0.04	0.00008212
739.96	0.04	0.00006590
740.00	0.04	0.00002468
740.04	0.04	0.00002054
740.08	0.04	0.00004275
740.12	0.04	0.00003420
740.16	0.04	0.00001895
740.20	0.04	0.00010469
740.24	0.04	0.00008403
740.28	0.04	0.00001841
740.32	0.04	0.00001350
740.36	0.04	0.00000896
740.40	0.04	-0.00008026
740.44	0.04	-0.00003590
740.48	0.04	-0.00006871
740.52	0.04	0.00000154
740.56	0.04	0.00001444
740.60	0.04	-0.00004247
740.64	0.04	0.00001785
740.68	0.04	0.00020319
740.72	0.04	0.00037686
740.76	0.04	0.00015196
740.80	0.04	0.00013051
740.84	0.04	0.00003155
740.88	0.04	0.00009315
740.92	0.04	-0.00000227
740.96	0.04	-0.00002797
741.00	0.04	-0.00014945
741.04	0.04	-0.00006027
741.08	0.04	-0.00011774
741.12	0.04	-0.00022737
741.16	0.04	-0.00012665
741.20	0.04	-0.00020181
741.24	0.04	-0.00024838
741.28	0.04	-0.00024819
741.32	0.04	-0.00025401
741.36	0.04	-0.00014071
741.40	0.04	-0.00018807
741.44	0.04	-0.00021712
741.48	0.04	-0.00024205
741.52	0.04	-0.00017762
741.56	0.04	-0.00011317
741.60	0.04	-0.00010438
741.64	0.04	-0.00074931
741.68	0.04	-0.00053929
741.72	0.04	-0.00009547
741.76	0.04	-0.00010925
741.80	0.04	-0.00012063
741.84	0.04	-0.00011489
741.88	0.04	-0.00009740
741.92	0.04	-0.00006110
741.96	0.04	-0.00010719
742.00	0.04	-0.00006695
742.04	0.04	-0.00005084
742.08	0.04	-0.00003465
742.12	0.04	-0.00011753
742.16	0.04	-0.00013285
742.20	0.04	-0.00009127
742.24	0.04	-0.00002989
742.28	0.04	0.00001770
742.32	0.04	0.00005715
742.36	0.04	0.00007212
742.40	0.04	-0.00004367
742.44	0.04	-0.00013224
742.48	0.04	-0.00015101
742.52	0.04	-0.00018383
742.56	0.04	-0.00027548
742.60	0.04	-0.00015269
742.64	0.04	-0.00016705
742.68	0.04	-0.00023302
742.72	0.04	-0.00018251
742.76	0.04	-0.00021127
742.80	0.04	-0.00013238
742.84	0.04	-0.00012880
742.88	0.04	-0.00013393
742.92	0.04	-0.00016324
742.96	0.04	-0.00017009
743.00	0.04	-0.00014783
743.04	0.04	-0.00019142
743.08	0.04	-0.00022421
743.12	0.04	-0.00032464
743.16	0.04	-0.00025495
743.20	0.04	-0.00017186
743.24	0.04	-0.00017490
743.28	0.04	-0.00018622
743.32	0.04	-0.00020620
743.36	0.04	-0.00018902
743.40	0.04	-0.00018734
743.44	0.04	-0.00020975
743.48	0.04	-0.00026867
743.52	0.04	-0.00029758
743.56	0.04	-0.00016301
743.60	0.04	-0.00004869
743.64	0.04	0.00000322
743.68	0.04	0.00009332
743.72	0.04	0.00000630
743.76	0.04	0.00005633
743.80	0.04	-0.00004621
743.84	0.04	0.00004542
743.88	0.04	-0.00008697
743.92	0.04	-0.00027794
743.96	0.04	-0.00030936
744.00	0.04	-0.00013579
744.04	0.04	-0.00008520
744.08	0.04	-0.00009333
744.12	0.04	-0.00012859
744.16	0.04	-0.00002018
744.20	0.04	-0.00001583
744.24	0.04	0.00000977
744.28	0.04	0.00005475
744.32	0.04	-0.00001977
744.36	0.04	-0.00001628
744.40	0.04	-0.00005292
744.44	0.04	-0.00005699
744.48	0.04	0.00003424
744.52	0.04	0.00005347
744.56	0.04	-0.00003546
744.60	0.04	0.00003004
744.64	0.04	-0.00002644
744.68	0.04	0.00002935
744.72	0.04	0.00004066
744.76	0.04	-0.00005522
744.80	0.04	0.00001728
744.84	0.04	0.00002242
744.88	0.04	-0.00006290
744.92	0.04	-0.00010677
744.96	0.04	-0.00007643
745.00	0.04	-0.00012773
745.04	0.04	-0.00011307
745.08	0.04	-0.00008071
745.12	0.04	-0.00003942
745.16	0.04	-0.00005865
745.20	0.04	-0.00005065
745.24	0.04	-0.00006733
745.28	0.04	-0.00007214
745.32	0.04	-0.00007868
745.36	0.04	-0.00006028
745.40	0.04	-0.00006400
745.44	0.04	-0.00003101
745.48	0.04	-0.00009151
745.52	0.04	-0.00014356
745.56	0.04	-0.00009672
745.60	0.04	0.00007911
745.64	0.04	0.00010030
745.68	0.04	0.00001701
745.72	0.04	0.00000261
745.76	0.04	-0.00005346
745.80	0.04	0.00003469
745.84	0.04	-0.00005404
745.88	0.04	-0.00012539
745.92	0.04	-0.00002371
745.96	0.04	-0.00003174
746.00	0.04	-0.00002743
746.04	0.04	-0.00004339
746.08	0.04	-0.00002172
746.12	0.04	-0.00001623
746.16	0.04	0.00000737
746.20	0.04	-0.00002560
746.24	0.04	0.00001607
746.28	0.04	-0.00004799
746.32	0.04	0.00001967
746.36	0.04	0.00007164
746.40	0.04	0.00007293
746.44	0.04	0.00010353
746.48	0.04	0.00011423
746.52	0.04	0.00016593
746.56	0.04	0.00007198
746.60	0.04	0.00005518
746.64	0.04	0.00005542
746.68	0.04	0.00014833
746.72	0.04	0.00014262
746.76	0.04	0.00019903
746.80	0.04	0.00016021
746.84	0.04	0.00018909
746.88	0.04	0.00017178
746.92	0.04	0.00016910
746.96	0.04	0.00012430
747.00	0.04	0.00005804
747.04	0.04	0.00013553
747.08	0.04	0.00004166
747.12	0.04	0.00006128
747.16	0.04	0.00010617
747.20	0.04	0.00022220
747.24	0.04	0.00012779
747.28	0.04	0.00018905
747.32	0.04	0.00031145
747.36	0.04	0.00032746
747.40	0.04	0.00027384
747.44	0.04	0.00033282
747.48	0.04	0.00027318
747.52	0.04	0.00032633
747.56	0.04	0.00035182
747.60	0.04	0.00025485
747.64	0.04	0.00019017
747.68	0.04	0.00027904
747.72	0.04	0.00016747
747.76	0.04	0.00017917
747.80	0.04	0.00020155
747.84	0.04	0.00009779
747.88	0.04	0.00003740
747.92	0.04	0.00010942
747.96	0.04	0.00013969
748.00	0.04	0.00013854
748.04	0.04	0.00013460
748.08	0.04	0.00009926
748.12	0.04	0.00010743
748.16	0.04	0.00017061
748.20	0.04	0.00012399
748.24	0.04	0.00011076
748.28	0.04	0.00006704
748.32	0.04	0.00010238
748.36	0.04	-0.00005174
748.40	0.04	0.00003571
748.44	0.04	-0.00004744
748.48	0.04	-0.00017871
748.52	0.04	-0.00015527
748.56	0.04	-0.00013153
748.60	0.04	-0.00012072
748.64	0.04	-0.00009850
748.68	0.04	-0.00012021
748.72	0.04	-0.00011750
748.76	0.04	-0.00015906
748.80	0.04	-0.00017345
748.84	0.04	-0.00013953
748.88	0.04	-0.00011736
748.92	0.04	-0.00007941
748.96	0.04	-0.00014385
749.00	0.04	-0.00008102
749.04	0.04	-0.00014784
749.08	0.04	-0.00015399
749.12	0.04	-0.00017093
749.16	0.04	-0.00024281
749.20	0.04	-0.00025123
749.24	0.04	-0.00026014
749.28	0.04	-0.00021054
749.32	0.04	-0.00020883
749.36	0.04	-0.00038557
749.40	0.04	-0.00027625
749.44	0.04	-0.00027855
749.48	0.04	-0.00026669
749.52	0.04	-0.00025274
749.56	0.04	-0.00028105
749.60	0.04	-0.00036661
749.64	0.04	-0.00021344
749.68	0.04	-0.00025238
749.72	0.04	-0.00021860
749.76	0.04	-0.00022186
749.80	0.04	-0.00011648
749.84	0.04	-0.00016669
749.88	0.04	-0.00007204
749.92	0.04	-0.00010418
749.96	0.04	-0.00007553
750.00	0.04	-0.00007832
750.04	0.04	-0.00006639
750.08	0.04	-0.00007822
750.12	0.04	-0.00003738
750.16	0.04	-0.00003664
750.20	0.04	-0.00001070
750.24	0.04	0.00004359
750.28	0.04	0.00004136
750.32	0.04	0.00026230
750.36	0.04	0.00030197
750.40	0.04	0.00022622
750.44	0.04	0.00023449
750.48	0.04	0.00011539
750.52	0.04	0.00017257
750.56	0.04	0.00018052
750.60	0.04	0.00016004
750.64	0.04	0.00017372
750.68	0.04	0.00021730
750.72	0.04	0.00016119
750.76	0.04	0.00006768
750.80	0.04	0.00011861
750.84	0.04	0.00002687
750.88	0.04	0.00012558
750.92	0.04	0.00006547
750.96	0.04	0.00006020
751.00	0.04	0.00005169
751.04	0.04	0.00002453
751.08	0.04	0.00006304
751.12	0.04	0.00005805
751.16	0.04	0.00002606
751.20	0.04	0.00006440
751.24	0.04	0.00011275
751.28	0.04	0.00012158
751.32	0.04	0.00007412
751.36	0.04	0.00008650
751.40	0.04	0.00013332
751.44	0.04	-0.00002684
751.48	0.04	-0.00005832
751.52	0.04	-0.00003452
751.56	0.04	-0.00003160
751.60	0.04	-0.00010645
751.64	0.04	-0.00002668
751.68	0.04	-0.00012064
751.72	0.04	-0.00010024
751.76	0.04	-0.00015042
751.80	0.04	-0.00010303
751.84	0.04	-0.00015891
751.88	0.04	-0.00010665
751.92	0.04	-0.00015968
751.96	0.04	-0.00021273
752.00	0.04	-0.00016947
752.04	0.04	-0.00021919
752.08	0.04	-0.00027744
752.12	0.04	-0.00024823
752.16	0.04	-0.00030142
752.20	0.04	-0.00025986
752.24	0.04	-0.00019415
752.28	0.04	-0.00022092
752.32	0.04	-0.00015417
752.36	0.04	-0.00011341
752.40	0.04	-0.00023869
752.44	0.04	-0.00020302
752.48	0.04	-0.00021432
752.52	0.04	-0.00017534
752.56	0.04	-0.00011797
752.60	0.04	-0.00010774
752.64	0.04	-0.00014326
752.68	0.04	-0.00011355
752.72	0.04	0.00000398
752.76	0.04	0.00001335
752.80	0.04	-0.00001793
752.84	0.04	0.00039960
752.88	0.04	0.00016790
752.92	0.04	0.00008810
752.96	0.04	0.00005806
753.00	0.04	0.00007605
753.04	0.04	0.00010170
753.08	0.04	0.00007255
753.12	0.04	0.00005697
753.16	0.04	0.00010780
753.20	0.04	0.00016027
753.24	0.04	0.00013095
753.28	0.04	0.00013117
753.32	0.04	0.00010209
753.36	0.04	0.00006021
753.40	0.04	0.00004984
753.44	0.04	0.00000977
753.48	0.04	0.00007966
753.52	0.04	0.00005475
753.56	0.04	0.00010746
753.60	0.04	0.00011903
753.64	0.04	0.00012310
753.68	0.04	0.00004824
753.72	0.04	-0.00002389
753.76	0.04	0.00014551
753.80	0.04	0.00010300
753.84	0.04	0.00005779
753.88	0.04	0.00010653
753.92	0.04	0.00003847
753.96	0.04	0.00016460
754.00	0.04	0.00007793
754.04	0.04	0.00007324
754.08	0.04	0.00008296
754.12	0.04	0.00008357
754.16	0.04	0.00012789
754.20	0.04	0.00008811
754.24	0.04	-0.00000207
754.28	0.04	0.00005997
754.32	0.04	0.00016104
754.36	0.04	0.00015851
754.40	0.04	0.00029389
754.44	0.04	0.00025204
754.48	0.04	0.00017646
754.52	0.04	0.00008345
754.56	0.04	0.00018385
754.60	0.04	0.00006906
754.64	0.04	0.00012771
754.68	0.04	0.00016058
754.72	0.04	0.00025610
754.76	0.04	0.00018399
754.80	0.04	0.00019287
754.84	0.04	0.00015906
754.88	0.04	0.00012895
754.92	0.04	0.00009432
754.96	0.04	0.00007702
755.00	0.04	0.00015436
755.04	0.04	0.00011234
755.08	0.04	0.00008402
755.12	0.04	0.00008898
755.16	0.04	0.00007187
755.20	0.04	0.00009499
755.24	0.04	0.00012301
755.28	0.04	0.00012701
755.32	0.04	0.00009186
755.36	0.04	0.00016930
755.40	0.04	0.00015067
755.44	0.04	0.00013014
755.48	0.04	0.00005237
755.52	0.04	0.00010695
755.56	0.04	0.00018276
755.60	0.04	0.00014398
755.64	0.04	0.00009606
755.68	0.04	0.00009185
755.72	0.04	0.00003614
755.76	0.04	0.00011188
755.80	0.04	0.00013578
755.84	0.04	0.00012355
755.88	0.04	0.00007540
755.92	0.04	0.00008621
755.96	0.04	0.00011502
756.00	0.04	0.00001218
756.04	0.04	0.00008687
756.08	0.04	0.00003761
756.12	0.04	0.00012226
756.16	0.04	0.00015664
756.20	0.04	0.00010131
756.24	0.04	0.00017239
756.28	0.04	0.00018620
756.32	0.04	0.00013443
756.36	0.04	0.00024124
756.40	0.04	0.00018744
756.44	0.04	0.00021220
756.48	0.04	0.00030077
756.52	0.04	0.00024185
756.56	0.04	0.00028640
756.60	0.04	0.00041651
756.64	0.04	0.00018041
756.68	0.04	0.00014313
756.72	0.04	0.00032020
756.76	0.04	0.00025904
756.80	0.04	0.00037754
756.84	0.04	0.00025830
756.88	0.04	0.00026534
756.92	0.04	0.00018964
756.96	0.04	0.00024094
757.00	0.04	0.00028446
757.04	0.04	0.00021502
757.08	0.04	0.00025698
757.12	0.04	0.00025350
757.16	0.04	0.00020767
757.20	0.04	0.00004113
757.24	0.04	0.00004360
757.28	0.04	0.00000479
757.32	0.04	0.00011707
757.36	0.04	0.00031913
757.40	0.04	0.00030246
757.44	0.04	0.00028666
757.48	0.04	0.00003337
757.52	0.04	-0.00003842
757.56	0.04	0.00009838
757.60	0.04	0.00005747
757.64	0.04	-0.00000780
757.68	0.04	0.00001003
757.72	0.04	0.00002349
757.76	0.04	-0.00002921
757.80	0.04	-0.00000441
757.84	0.04	0.00002823
757.88	0.04	0.00004405
757.92	0.04	0.00008014
757.96	0.04	0.00002961
758.00	0.04	0.00002581
758.04	0.04	0.00001439
758.08	0.04	-0.00006382
758.12	0.04	0.00000282
758.16	0.04	0.00007717
758.20	0.04	0.00009671
758.24	0.04	-0.00004895
758.28	0.04	-0.00007987
758.32	0.04	0.00004318
758.36	0.04	-0.00000702
758.40	0.04	-0.00004936
758.44	0.04	0.00008656
758.48	0.04	-0.00013080
758.52	0.04	0.00007960
758.56	0.04	-0.00004949
758.60	0.04	-0.00009682
758.64	0.04	-0.00007926
758.68	0.04	0.00001203
758.72	0.04	-0.00005221
758.76	0.04	0.00002250
758.80	0.04	-0.00001545
758.84	0.04	0.00001709
758.88	0.04	0.00014831
758.92	0.04	0.00010725
758.96	0.04	0.00016938
759.00	0.04	0.00005755
759.04	0.04	0.00013360
759.08	0.04	0.00015044
759.12	0.04	0.00012283
759.16	0.04	0.00013592
759.20	0.04	0.00022302
759.24	0.04	0.00029650
759.28	0.04	0.00022208
759.32	0.04	0.00025119
759.36	0.04	0.00022304
759.40	0.04	0.00021233
759.44	0.04	0.00037591
759.48	0.04	0.00038892
759.52	0.04	0.00026987
759.56	0.04	0.00030251
759.60	0.04	0.00031374
759.64	0.04	0.00026859
759.68	0.04	0.00022374
759.72	0.04	0.00022512
759.76	0.04	0.00024041
759.80	0.04	0.00022614
759.84	0.04	0.00023595
759.88	0.04	0.00018897
759.92	0.04	0.00020796
759.96	0.04	0.00019556
760.00	0.04	0.00019836
760.04	0.04	0.00014014
760.08	0.04	0.00023109
760.12	0.04	0.00015239
760.16	0.04	0.00021758
760.20	0.04	0.00023621
760.24	0.04	0.00020672
760.28	0.04	0.00021326
760.32	0.04	0.00017113
760.36	0.04	0.00009049
760.40	0.04	0.00009201
760.44	0.04	0.00017102
760.48	0.04	0.00015978
760.52	0.04	0.00016643
760.56	0.04	0.00011370
760.60	0.04	0.00015879
760.64	0.04	0.00026821
760.68	0.04	0.00019916
760.72	0.04	0.00013453
760.76	0.04	0.00013745
760.80	0.04	0.00009406
760.84	0.04	0.00015898
760.88	0.04	0.00014129
760.92	0.04	0.00015530
760.96	0.04	0.00013587
761.00	0.04	0.00010340
761.04	0.04	0.00007858
761.08	0.04	0.00012493
761.12	0.04	0.00010126
761.16	0.04	0.00010343
761.20	0.04	0.00007533
761.24	0.04	0.00013479
761.28	0.04	0.00009318
761.32	0.04	0.00014035
761.36	0.04	0.00003755
761.40	0.04	-0.00002610
761.44	0.04	0.00003029
761.48	0.04	0.00018304
761.52	0.04	0.00005650
761.56	0.04	-0.00002162
761.60	0.04	0.00006570
761.64	0.04	0.00004466
761.68	0.04	-0.00004027
761.72	0.04	0.00001554
761.76	0.04	0.00000274
761.80	0.04	0.00002534
761.84	0.04	-0.00004050
761.88	0.04	-0.00001006
761.92	0.04	-0.00001531
761.96	0.04	-0.00000362
762.00	0.04	0.00006331
762.04	0.04	0.00008801
762.08	0.04	0.00003550
762.12	0.04	0.00010732
762.16	0.04	0.00007216
762.20	0.04	-0.00002339
762.24	0.04	0.00000610
762.28	0.04	-0.00000626
762.32	0.04	-0.00004913
762.36	0.04	0.00001669
762.40	0.04	0.00007166
762.44	0.04	-0.00002395
762.48	0.04	-0.00003571
762.52	0.04	-0.00001006
762.56	0.04	0.00001108
762.60	0.04	0.00003752
762.64	0.04	-0.00001725
762.68	0.04	0.00002092
762.72	0.04	0.00001480
762.76	0.04	0.00001384
762.80	0.04	-0.00018033
762.84	0.04	-0.00004427
762.88	0.04	-0.00004131
762.92	0.04	0.00000458
762.96	0.04	-0.00002027
763.00	0.04	-0.00004896
763.04	0.04	-0.00006398
763.08	0.04	-0.00003241
763.12	0.04	0.00004160
763.16	0.04	0.00020043
763.20	0.04	0.00007522
763.24	0.04	-0.00011719
763.28	0.04	0.00005457
763.32	0.04	0.00004564
763.36	0.04	-0.00008665
763.40	0.04	0.00000803
763.44	0.04	-0.00007057
763.48	0.04	-0.00002321
763.52	0.04	-0.00000483
763.56	0.04	-0.00002984
763.60	0.04	-0.00010171
763.64	0.04	-0.00007520
763.68	0.04	-0.00011098
763.72	0.04	-0.00011574
763.76	0.04	-0.00006489
763.80	0.04	-0.00006336
763.84	0.04	-0.00012692
763.88	0.04	-0.00008640
763.92	0.04	-0.00000758
763.96	0.04	-0.00006715
764.00	0.04	-0.00002402
764.04	0.04	-0.00005347
764.08	0.04	-0.00003172
764.12	0.04	-0.00009062
764.16	0.04	-0.00008704
764.20	0.04	-0.00011079
764.24	0.04	-0.00003808
764.28	0.04	-0.00000330
764.32	0.04	-0.00007368
764.36	0.04	-0.00009255
764.40	0.04	-0.00010976
764.44	0.04	-0.00019277
764.48	0.04	-0.00015080
764.52	0.04	-0.00015606
764.56	0.04	-0.00007700
764.60	0.04	-0.00012418
764.64	0.04	-0.00008614
764.68	0.04	-0.00009354
764.72	0.04	-0.00007061
764.76	0.04	-0.00007333
764.80	0.04	-0.00009747
764.84	0.04	-0.00009089
764.88	0.04	-0.00008088
764.92	0.04	-0.00008012
764.96	0.04	-0.00003169
765.00	0.04	-0.00003695
765.04	0.04	-0.00010316
765.08	0.04	-0.00006805
765.12	0.04	-0.00008226
765.16	0.04	-0.00003106
765.20	0.04	-0.00008780
765.24	0.04	-0.00006718
765.28	0.04	-0.00007537
765.32	0.04	-0.00002949
765.36	0.04	-0.00006409
765.40	0.04	-0.00008961
765.44	0.04	-0.00007357
765.48	0.04	-0.00003575
765.52	0.04	0.00000016
765.56	0.04	-0.00006127
765.60	0.04	-0.00002933
765.64	0.04	-0.00000396
765.68	0.04	-0.00000580
765.72	0.04	0.00001580
765.76	0.04	-0.00007544
765.80	0.04	-0.00006924
765.84	0.04	-0.00003254
765.88	0.04	-0.00005166
765.92	0.04	-0.00000924
765.96	0.04	0.00000546
766.00	0.04	-0.00003947
766.04	0.04	-0.00003101
766.08	0.04	-0.00001027
766.12	0.04	0.00004899
766.16	0.04	-0.00003866
766.20	0.04	-0.00002425
766.24	0.04	0.00000980
766.28	0.04	0.00005361
766.32	0.04	-0.00003036
766.36	0.04	0.00004225
766.40	0.04	0.00000898
766.44	0.04	0.00008435
766.48	0.04	0.00008944
766.52	0.04	0.00000736
766.56	0.04	0.00005553
766.60	0.04	0.00002219
766.64	0.04	0.00000679
766.68	0.04	0.00008386
766.72	0.04	0.00002629
766.76	0.04	0.00003165
766.80	0.04	0.00002993
766.84	0.04	-0.00001441
766.88	0.04	0.00005700
766.92	0.04	0.00011716
766.96	0.04	0.00003006
767.00	0.04	0.00007425
767.04	0.04	0.00004669
767.08	0.04	-0.00000400
767.12	0.04	0.00000227
767.16	0.04	0.00013886
767.20	0.04	0.00010392
767.24	0.04	0.00007043
767.28	0.04	0.00005739
767.32	0.04	-0.00001564
767.36	0.04	0.00008014
767.40	0.04	0.00006521
767.44	0.04	0.00004236
767.48	0.04	0.00004608
767.52	0.04	0.00009065
767.56	0.04	0.00002669
767.60	0.04	0.00005276
767.64	0.04	0.00006879
767.68	0.04	0.00005301
767.72	0.04	0.00001979
767.76	0.04	0.00003383
767.80	0.04	0.00006947
767.84	0.04	0.00005507
767.88	0.04	0.00005856
767.92	0.04	0.00004916
767.96	0.04	0.00010944
768.00	0.04	0.00002147
768.04	0.04	0.00008894
768.08	0.04	-0.00001357
768.12	0.04	0.00004522
768.16	0.04	0.00001522
768.20	0.04	0.00002817
768.24	0.04	-0.00001086
768.28	0.04	-0.00000005
768.32	0.04	0.00007564
768.36	0.04	0.00007310
768.40	0.04	0.00006076
768.44	0.04	-0.00006147
768.48	0.04	-0.00002679
768.52	0.04	-0.00008101
768.56	0.04	-0.00007897
768.60	0.04	-0.00011912
768.64	0.04	-0.00008732
768.68	0.04	-0.00012683
768.72	0.04	-0.00011580
768.76	0.04	-0.00009211
768.80	0.04	-0.00010400
768.84	0.04	-0.00008996
768.88	0.04	-0.00017478
768.92	0.04	-0.00012270
768.96	0.04	-0.00017450
769.00	0.04	-0.00015321
769.04	0.04	-0.00011775
769.08	0.04	-0.00007823
769.12	0.04	-0.00004050
769.16	0.04	-0.00007293
769.20	0.04	0.00004654
769.24	0.04	0.00003725
769.28	0.04	-0.00000270
769.32	0.04	0.00001809
769.36	0.04	0.00004853
769.40	0.04	0.00004824
769.44	0.04	0.00009093
769.48	0.04	0.00008638
769.52	0.04	0.00007114
769.56	0.04	0.00008851
769.60	0.04	0.00006503
769.64	0.04	0.00007021
769.68	0.04	0.00008235
769.72	0.04	0.00006374
769.76	0.04	0.00000960
769.80	0.04	0.00006236
769.84	0.04	0.00006174
769.88	0.04	0.00006503
769.92	0.04	0.00003069
769.96	0.04	0.00002834
770.00	0.04	0.00004871
770.04	0.04	0.00005159
770.08	0.04	0.00012464
770.12	0.04	0.00012047
770.16	0.04	0.00009782
770.20	0.04	0.00010436
770.24	0.04	0.00006079
770.28	0.04	0.00009451
770.32	0.04	0.00003111
770.36	0.04	0.00013904
770.40	0.04	0.00012245
770.44	0.04	0.00008915
770.48	0.04	0.00011637
770.52	0.04	0.00012777
770.56	0.04	0.00013355
770.60	0.04	0.00013425
770.64	0.04	0.00010023
770.68	0.04	0.00009949
770.72	0.04	0.00014365
770.76	0.04	0.00014755
770.80	0.04	0.00017247
770.84	0.04	0.00013188
770.88	0.04	0.00016258
770.92	0.04	0.00012093
770.96	0.04	0.00015670
771.00	0.04	0.00014926
771.04	0.04	0.00017204
771.08	0.04	0.00017213
771.12	0.04	0.00019206
771.16	0.04	0.00012258
771.20	0.04	0.00007978
771.24	0.04	0.00015113
771.28	0.04	0.00017153
771.32	0.04	0.00019282
771.36	0.04	0.00015699
771.40	0.04	0.00017872
771.44	0.04	0.00020479
771.48	0.04	0.00019814
771.52	0.04	0.00007490
771.56	0.04	0.00012611
771.60	0.04	0.00012678
771.64	0.04	0.00013670
771.68	0.04	0.00009519
771.72	0.04	0.00003048
771.76	0.04	0.00007678
771.80	0.04	0.00009454
771.84	0.04	0.00015451
771.88	0.04	0.00015394
771.92	0.04	0.00015068
771.96	0.04	0.00018700
772.00	0.04	0.00016256
772.04	0.04	0.00014941
772.08	0.04	0.00017142
772.12	0.04	0.00006996
772.16	0.04	0.00012232
772.20	0.04	0.00014752
772.24	0.04	0.00018636
772.28	0.04	0.00014649
772.32	0.04	0.00009759
772.36	0.04	0.00016046
772.40	0.04	0.00018291
772.44	0.04	0.00011752
772.48	0.04	0.00011947
772.52	0.04	0.00013839
772.56	0.04	0.00012383
772.60	0.04	0.00011162
772.64	0.04	0.00011824
772.68	0.04	0.00001582
772.72	0.04	0.00005503
772.76	0.04	0.00009646
772.80	0.04	0.00010519
772.84	0.04	0.00005728
772.88	0.04	0.00007232
772.92	0.04	0.00009972
772.96	0.04	0.00006374
773.00	0.04	0.00009316
773.04	0.04	0.00006958
773.08	0.04	0.00003788
773.12	0.04	0.00009054
773.16	0.04	0.00003592
773.20	0.04	0.00007542
773.24	0.04	0.00008744
773.28	0.04	0.00008307
773.32	0.04	0.00007666
773.36	0.04	0.00009744
773.40	0.04	0.00011767
773.44	0.04	0.00010366
773.48	0.04	0.00008452
773.52	0.04	0.00013630
773.56	0.04	0.00008383
773.60	0.04	0.00012759
773.64	0.04	0.00003365
773.68	0.04	0.00004925
773.72	0.04	0.00003770
773.76	0.04	0.00004031
773.80	0.04	0.00004732
773.84	0.04	0.00006580
773.88	0.04	0.00007061
773.92	0.04	0.00005359
773.96	0.04	0.00001555
774.00	0.04	0.00000252
774.04	0.04	0.00003143
774.08	0.04	0.00002361
774.12	0.04	0.00003634
774.16	0.04	0.00001726
774.20	0.04	0.00000257
774.24	0.04	0.00003359
774.28	0.04	0.00000197
774.32	0.04	0.00005710
774.36	0.04	0.00005309
774.40	0.04	0.00002468
774.44	0.04	0.00004506
774.48	0.04	0.00000872
774.52	0.04	0.00002314
774.56	0.04	0.00002406
774.60	0.04	0.00004677
774.64	0.04	0.00002757
774.68	0.04	0.00000278
774.72	0.04	0.00004011
774.76	0.04	0.00003563
774.80	0.04	0.00003761
774.84	0.04	0.00006372
774.88	0.04	0.00003701
774.92	0.04	0.00008749
774.96	0.04	0.00005924
775.00	0.04	0.00006031
775.04	0.04	0.00004089
775.08	0.04	0.00003473
775.12	0.04	0.00001496
775.16	0.04	0.00002498
775.20	0.04	0.00002808
775.24	0.04	0.00002001
775.28	0.04	0.00004654
775.32	0.04	0.00001517
775.36	0.04	0.00003105
775.40	0.04	0.00006270
775.44	0.04	0.00003676
775.48	0.04	0.00003850
775.52	0.04	0.00007835
775.56	0.04	0.00003371
775.60	0.04	0.00002931
775.64	0.04	0.00004976
775.68	0.04	0.00004081
775.72	0.04	0.00004266
775.76	0.04	0.00006007
775.80	0.04	0.00003652
775.84	0.04	0.00008100
775.88	0.04	0.00008078
775.92	0.04	0.00003573
775.96	0.04	0.00006262
776.00	0.04	0.00006911
776.04	0.04	0.00009920
776.08	0.04	0.00005571
776.12	0.04	0.00006040
776.16	0.04	0.00002195
776.20	0.04	0.00007042
776.24	0.04	0.00004703
776.28	0.04	0.00006426
776.32	0.04	0.00006973
776.36	0.04	0.00008999
776.40	0.04	0.00002736
776.44	0.04	0.00004901
776.48	0.04	0.00010355
776.52	0.04	0.00003854
776.56	0.04	0.00006963
776.60	0.04	0.00009121
776.64	0.04	0.00004245
776.68	0.04	0.00004232
776.72	0.04	0.00006360
776.76	0.04	0.00007576
776.80	0.04	0.00005242
776.84	0.04	0.00006364
776.88	0.04	0.00007410
776.92	0.04	0.00005806
776.96	0.04	0.00010059
777.00	0.04	0.00004280
777.04	0.04	0.00014469
777.08	0.04	0.00011299
777.12	0.04	0.00010660
777.16	0.04	0.00008187
777.20	0.04	0.00004654
777.24	0.04	0.00002018
777.28	0.04	0.00006922
777.32	0.04	0.00007928
777.36	0.04	0.00006919
777.40	0.04	0.00006509
777.44	0.04	0.00006331
777.48	0.04	0.00000865
777.52	0.04	0.00002113
777.56	0.04	0.00008592
777.60	0.04	0.00001252
777.64	0.04	0.00005501
777.68	0.04	0.00007551
777.72	0.04	0.00009236
777.76	0.04	0.00006808
777.80	0.04	0.00008402
777.84	0.04	0.00010014
777.88	0.04	0.00004440
777.92	0.04	0.00015253
777.96	0.04	0.00016995
778.00	0.04	0.00011756
778.04	0.04	0.00007871
778.08	0.04	0.00016664
778.12	0.04	0.00010901
778.16	0.04	0.00009733
778.20	0.04	0.00006478
778.24	0.04	0.00008967
778.28	0.04	0.00016296
778.32	0.04	0.00013452
778.36	0.04	0.00007727
778.40	0.04	0.00014242
778.44	0.04	0.00004658
778.48	0.04	0.00010522
778.52	0.04	0.00006969
778.56	0.04	0.00014229
778.60	0.04	0.00019628
778.64	0.04	0.00015906
778.68	0.04	0.00014952
778.72	0.04	0.00009470
778.76	0.04	0.00005506
778.80	0.04	0.00005402
778.84	0.04	0.00011730
778.88	0.04	0.00012776
778.92	0.04	0.00011129
778.96	0.04	0.00009403
779.00	0.04	0.00010676
779.04	0.04	0.00018451
779.08	0.04	0.00015642
779.12	0.04	0.00016972
779.16	0.04	0.00011266
779.20	0.04	0.00014644
779.24	0.04	0.00008484
779.28	0.04	0.00013173
779.32	0.04	0.00011961
779.36	0.04	0.00004730
779.40	0.04	0.00012485
779.44	0.04	0.00010829
779.48	0.04	0.00012164
779.52	0.04	0.00010805
779.56	0.04	0.00008786
779.60	0.04	0.00010554
779.64	0.04	0.00016244
779.68	0.04	0.00012066
779.72	0.04	0.00012714
779.76	0.04	0.00011990
779.80	0.04	0.00014927
779.84	0.04	0.00012966
779.88	0.04	0.00010232
779.92	0.04	0.00012052
779.96	0.04	0.00015378
780.00	0.04	0.00005042
780.04	0.04	0.00009641
780.08	0.04	0.00009529
780.12	0.04	0.00012482
780.16	0.04	0.00012372
780.20	0.04	0.00010056
780.24	0.04	0.00006324
780.28	0.04	0.00009929
780.32	0.04	0.00012373
780.36	0.04	0.00013065
780.40	0.04	0.00007137
780.44	0.04	0.00010395
780.48	0.04	0.00010466
780.52	0.04	0.00008324
780.56	0.04	0.00011916
780.60	0.04	0.00005460
780.64	0.04	0.00010924
780.68	0.04	0.00004002
780.72	0.04	0.00007642
780.76	0.04	0.00012474
780.80	0.04	0.00010130
780.84	0.04	0.00009439
780.88	0.04	0.00008954
780.92	0.04	0.00009511
780.96	0.04	0.00007891
781.00	0.04	0.00013951
781.04	0.04	0.00012097
781.08	0.04	0.00000768
781.12	0.04	0.00001909
781.16	0.04	0.00001107
781.20	0.04	0.00001592
781.24	0.04	0.00001344
781.28	0.04	-0.00002207
781.32	0.04	0.00001450
781.36	0.04	-0.00000349
781.40	0.04	-0.00004743
781.44	0.04	-0.00000849
781.48	0.04	-0.00000560
781.52	0.04	-0.00002861
781.56	0.04	0.00005778
781.60	0.04	0.00007890
781.64	0.04	0.00004792
781.68	0.04	-0.00000770
781.72	0.04	-0.00001949
781.76	0.04	0.00002280
781.80	0.04	0.00003418
781.84	0.04	0.00010337
781.88	0.04	0.00005098
781.92	0.04	-0.00005432
781.96	0.04	0.00002320
782.00	0.04	0.00004633
782.04	0.04	0.00004038
782.08	0.04	0.00000697
782.12	0.04	0.00006011
782.16	0.04	0.00003226
782.20	0.04	0.00002132
782.24	0.04	0.00002063
782.28	0.04	-0.00007611
782.32	0.04	0.00004978
782.36	0.04	-0.00003367
782.40	0.04	0.00008857
782.44	0.04	0.00009803
782.48	0.04	0.00011057
782.52	0.04	0.00007370
782.56	0.04	0.00009980
782.60	0.04	0.00005797
782.64	0.04	0.00012122
782.68	0.04	0.00000524
782.72	0.04	0.00004826
782.76	0.04	0.00004271
782.80	0.04	0.00007942
782.84	0.04	0.00010849
782.88	0.04	0.00006043
782.92	0.04	0.00004629
782.96	0.04	0.00005418
783.00	0.04	0.00007285
783.04	0.04	0.00010292
783.08	0.04	0.00007459
783.12	0.04	-0.00002432
783.16	0.04	0.00005114
783.20	0.04	0.00011067
783.24	0.04	0.00006950
783.28	0.04	0.00007776
783.32	0.04	0.00009254
783.36	0.04	0.00001782
783.40	0.04	0.00008725
783.44	0.04	0.00010782
783.48	0.04	0.00006719
783.52	0.04	0.00006666
783.56	0.04	0.00004375
783.60	0.04	0.00010046
783.64	0.04	0.00009008
783.68	0.04	0.00007344
783.72	0.04	0.00007114
783.76	0.04	0.00018704
783.80	0.04	0.00009075
783.84	0.04	0.00010596
783.88	0.04	0.00006914
783.92	0.04	-0.00001066
783.96	0.04	0.00000303
784.00	0.04	0.00002274
784.04	0.04	0.00004740
784.08	0.04	0.00002672
784.12	0.04	-0.00009985
784.16	0.04	0.00009582
784.20	0.04	0.00004229
784.24	0.04	0.00002696
784.28	0.04	0.00001510
784.32	0.04	0.00002733
784.36	0.04	-0.00005469
784.40	0.04	0.00004707
784.44	0.04	-0.00002064
784.48	0.04	0.00000592
784.52	0.04	-0.00008370
784.56	0.04	0.00005138
784.60	0.04	0.00006309
784.64	0.04	0.00019332
784.68	0.04	0.00013460
784.72	0.04	0.00014587
784.76	0.04	0.00024710
784.80	0.04	0.00015723
784.84	0.04	0.00012200
784.88	0.04	0.00029474
784.92	0.04	0.00026745
784.96	0.04	0.00028398
785.00	0.04	0.00026110
785.04	0.04	0.00008365
785.08	0.04	0.00025309
785.12	0.04	0.00023723
785.16	0.04	0.00029934
785.20	0.04	0.00034836
785.24	0.04	0.00024759
785.28	0.04	0.00023654
785.32	0.04	0.00028620
785.36	0.04	0.00029116
785.40	0.04	0.00011266
785.44	0.04	-0.00005169
785.48	0.04	0.00000346
785.52	0.04	0.00001280
785.56	0.04	0.00004678
785.60	0.04	-0.00001475
785.64	0.04	0.00001928
785.68	0.04	0.00001463
785.72	0.04	0.00000366
785.76	0.04	0.00010900
785.80	0.04	-0.00000094
785.84	0.04	-0.00000327
785.88	0.04	0.00003139
785.92	0.04	0.00001375
785.96	0.04	-0.00004245
786.00	0.04	0.00005626
786.04	0.04	0.00011282
786.08	0.04	-0.00008568
786.12	0.04	-0.00000413
786.16	0.04	0.00004521
786.20	0.04	-0.00001470
786.24	0.04	0.00001545
786.28	0.04	-0.00002327
786.32	0.04	0.00002775
786.36	0.04	0.00001936
786.40	0.04	0.00001385
786.44	0.04	-0.00001175
786.48	0.04	0.00004331
786.52	0.04	0.00006768
786.56	0.04	0.00005011
786.60	0.04	0.00002217
786.64	0.04	0.00008401
786.68	0.04	0.00003148
786.72	0.04	0.00001515
786.76	0.04	-0.00004864
786.80	0.04	0.00000682
786.84	0.04	-0.00001567
786.88	0.04	-0.00003699
786.92	0.04	-0.00002056
786.96	0.04	0.00003305
787.00	0.04	0.00002570
787.04	0.04	0.00000827
787.08	0.04	0.00000276
787.12	0.04	0.00000672
787.16	0.04	0.00010467
787.20	0.04	0.00006942
787.24	0.04	-0.00006441
787.28	0.04	-0.00000272
787.32	0.04	0.00005883
787.36	0.04	0.00000505
787.40	0.04	0.00008000
787.44	0.04	0.00000992
787.48	0.04	0.00003456
787.52	0.04	0.00018566
787.56	0.04	0.00025756
787.60	0.04	0.00024331
787.64	0.04	0.00035251
787.68	0.04	0.00038927
787.72	0.04	0.00046154
787.76	0.04	0.00046683
787.80	0.04	0.00048115
787.84	0.04	0.00045048
787.88	0.04	0.00035907
787.92	0.04	0.00039851
787.96	0.04	0.00041197
788.00	0.04	0.00035161
788.04	0.04	0.00044083
788.08	0.04	0.00023498
788.12	0.04	0.00037297
788.16	0.04	0.00046022
788.20	0.04	0.00026712
788.24	0.04	0.00048457
788.28	0.04	0.00052336
788.32	0.04	0.00021102
788.36	0.04	0.00051748
788.40	0.04	0.00047830
788.44	0.04	0.00044137
788.48	0.04	0.00018769
788.52	0.04	0.00023658
788.56	0.04	0.00031016
788.60	0.04	0.00037922
788.64	0.04	0.00047666
788.68	0.04	0.00041560
788.72	0.04	0.00054467
788.76	0.04	0.00038501
788.80	0.04	0.00002591
788.84	0.04	0.00010240
788.88	0.04	0.00054533
788.92	0.04	0.00018951
788.96	0.04	-0.00007069
789.00	0.04	0.00000752
789.04	0.04	-0.00002093
789.08	0.04	0.00026524
789.12	0.04	0.00004946
789.16	0.04	0.00005253
789.20	0.04	0.00007212
789.24	0.04	0.00008858
789.28	0.04	-0.00010492
789.32	0.04	-0.00003265
789.36	0.04	-0.00008141
789.40	0.04	0.00015948
789.44	0.04	0.00030596
789.48	0.04	0.00002662
789.52	0.04	-0.00001371
789.56	0.04	-0.00000304
789.60	0.04	0.00006074
789.64	0.04	0.00005399
789.68	0.04	0.00006056
789.72	0.04	0.00006085
789.76	0.04	0.00000276
789.80	0.04	0.00014376
789.84	0.04	0.00004551
789.88	0.04	0.00002320
789.92	0.04	0.00001689
789.96	0.04	-0.00001426
790.00	0.04	0.00003208
790.04	0.04	0.00007047
790.08	0.04	0.00015177
790.12	0.04	0.00026926
790.16	0.04	0.00039766
790.20	0.04	0.00041611
790.24	0.04	0.00037907
790.28	0.04	0.00049665
790.32	0.04	0.00046232
790.36	0.04	0.00051807
790.40	0.04	0.00045422
790.44	0.04	0.00043724
790.48	0.04	0.00045919
790.52	0.04	0.00047000
790.56	0.04	0.00038663
790.60	0.04	0.00038319
790.64	0.04	0.00047569
790.68	0.04	0.00050629
790.72	0.04	0.00051203
790.76	0.04	0.00009423
790.80	0.04	-0.00002022
790.84	0.04	0.00013024
790.88	0.04	0.00008238
790.92	0.04	0.00008822
790.96	0.04	0.00002005
791.00	0.04	0.00008361
791.04	0.04	-0.00001355
791.08	0.04	0.00005130
791.12	0.04	-0.00003726
791.16	0.04	-0.00005336
791.20	0.04	0.00001497
791.24	0.04	0.00006177
791.28	0.04	0.00010586
791.32	0.04	-0.00005266
791.36	0.04	0.00002031
791.40	0.04	0.00006178
791.44	0.04	0.00011713
791.48	0.04	0.00004193
791.52	0.04	-0.00010900
791.56	0.04	0.00001354
791.60	0.04	0.00021681
791.64	0.04	0.00049756
791.68	0.04	0.00047276
791.72	0.04	0.00035231
791.76	0.04	0.00050671
791.80	0.04	0.00052182
791.84	0.04	0.00050435
791.88	0.04	0.00043945
791.92	0.04	0.00043887
791.96	0.04	0.00049394
792.00	0.04	0.00047686
792.04	0.04	0.00049129
792.08	0.04	0.00030834
792.12	0.04	0.00044036
792.16	0.04	0.00048493
792.20	0.04	0.00047341
792.24	0.04	0.00046418
792.28	0.04	0.00035499
792.32	0.04	0.00001552
792.36	0.04	0.00003644
792.40	0.04	0.00002302
792.44	0.04	-0.00000040
792.48	0.04	-0.00000720
792.52	0.04	-0.00000108
792.56	0.04	-0.00000437
792.60	0.04	0.00000781
792.64	0.04	0.00001086
792.68	0.04	0.00000672
792.72	0.04	-0.00000441
792.76	0.04	-0.00001377
792.80	0.04	0.00000205
792.84	0.04	0.00000467
792.88	0.04	0.00000654
792.92	0.04	0.00000001
792.96	0.04	0.00000652
793.00	0.04	-0.00000758
793.04	0.04	0.00000074
793.08	0.04	-0.00001859
793.12	0.04	0.00000014
793.16	0.04	-0.00000579
793.20	0.04	-0.00000283
793.24	0.04	-0.00001197
793.28	0.04	0.00002053
793.32	0.04	-0.00002330
793.36	0.04	0.00000221
793.40	0.04	0.00003684
793.44	0.04	0.00001489
793.48	0.04	-0.00001914
793.52	0.04	0.00001288
793.56	0.04	-0.00000368
793.60	0.04	-0.00003187
793.64	0.04	-0.00000920
793.68	0.04	-0.00000260
793.72	0.04	0.00003048
793.76	0.04	0.00002973
793.80	0.04	-0.00002001
793.84	0.04	0.00000631
793.88	0.04	-0.00000686
793.92	0.04	0.00001981
793.96	0.04	0.00000680
794.00	0.04	-0.00004324
794.04	0.04	0.00002662
794.08	0.04	0.00004896
794.12	0.04	0.00000074
794.16	0.04	-0.00000228
794.20	0.04	0.00003370
794.24	0.04	0.00001668
794.28	0.04	-0.00000120
794.32	0.04	0.00000814
794.36	0.04	-0.00004813
794.40	0.04	-0.00003818
794.44	0.04	0.00004453
794.48	0.04	-0.00000580
794.52	0.04	0.00001872
794.56	0.04	0.00002291
794.60	0.04	-0.00001511
794.64	0.04	-0.00004127
794.68	0.04	0.00005364
794.72	0.04	0.00002801
794.76	0.04	-0.00005704
794.80	0.04	-0.00001653
794.84	0.04	-0.00005029
794.88	0.04	-0.00003074
794.92	0.04	-0.00004246
794.96	0.04	0.00001136
795.00	0.04	0.00000432
795.04	0.04	-0.00000374
795.08	0.04	-0.00000335
795.12	0.04	0.00007911
795.16	0.04	-0.00001228
795.20	0.04	0.00000943
795.24	0.04	0.00001841
795.28	0.04	0.00001931
795.32	0.04	-0.00002012
795.36	0.04	0.00007979
795.40	0.04	-0.00009577
795.44	0.04	0.00009944
795.48	0.04	0.00000729
795.52	0.04	0.00001084
795.56	0.04	-0.00000511
795.60	0.04	0.00000614
795.64	0.04	-0.00000341
795.68	0.04	-0.00001784
795.72	0.04	0.00001875
795.76	0.04	0.00000448
795.80	0.04	0.00004381
795.84	0.04	0.00004775
795.88	0.04	0.00001138
795.92	0.04	-0.00000771
795.96	0.04	0.00002929
796.00	0.04	0.00001603
796.04	0.04	-0.00003018
796.08	0.04	-0.00006326
796.12	0.04	0.00000217
796.16	0.04	0.00003613
796.20	0.04	0.00002646
796.24	0.04	0.00006847
796.28	0.04	0.00006935
796.32	0.04	0.00002513
796.36	0.04	-0.00005795
796.40	0.04	0.00004140
796.44	0.04	-0.00001363
796.48	0.04	0.00003674
796.52	0.04	0.00000413
796.56	0.04	0.00006483
796.60	0.04	-0.00004625
796.64	0.04	-0.00007009
796.68	0.04	-0.00007105
796.72	0.04	-0.00001081
796.76	0.04	-0.00007673
796.80	0.04	0.00003829
796.84	0.04	-0.00003487
796.88	0.04	0.00011602
796.92	0.04	-0.00001258
796.96	0.04	-0.00005199
797.00	0.04	0.00002087
797.04	0.04	-0.00002177
797.08	0.04	-0.00004764
797.12	0.04	-0.00004058
797.16	0.04	-0.00002908
797.20	0.04	-0.00000725
797.24	0.04	-0.00004329
797.28	0.04	-0.00002376
797.32	0.04	-0.00000851
797.36	0.04	0.00000596
797.40	0.04	-0.00002648
797.44	0.04	0.00002604
797.48	0.04	0.00000148
797.52	0.04	-0.00000730
797.56	0.04	-0.00008758
797.60	0.04	-0.00006308
797.64	0.04	-0.00010857
797.68	0.04	-0.00002870
797.72	0.04	-0.00000350
797.76	0.04	-0.00070521
797.80	0.04	-0.00033910
797.84	0.04	0.00006343
797.88	0.04	0.00005017
797.92	0.04	0.00000003
797.96	0.04	0.00006178
798.00	0.04	0.00002457
798.04	0.04	0.00005381
798.08	0.04	0.00000535
798.12	0.04	0.00007740
798.16	0.04	0.00000428
798.20	0.04	0.00012214
798.24	0.04	0.00015246
798.28	0.04	0.00005621
798.32	0.04	-0.00002463
798.36	0.04	-0.00000081
798.40	0.04	0.00007432
798.44	0.04	-0.00001202
798.48	0.04	-0.00001338
798.52	0.04	0.00001998
798.56	0.04	0.00004041
798.60	0.04	-0.00001128
798.64	0.04	0.00007513
798.68	0.04	-0.00001465
798.72	0.04	0.00003458
798.76	0.04	0.00003359
798.80	0.04	-0.00000071
798.84	0.04	-0.00009342
798.88	0.04	-0.00006297
798.92	0.04	0.00004383
798.96	0.04	0.00005177
799.00	0.04	0.00006320
799.04	0.04	0.00005882
799.08	0.04	-0.00007935
799.12	0.04	-0.00002346
799.16	0.04	-0.00004664
799.20	0.04	0.00001727
799.24	0.04	-0.00012480
799.28	0.04	-0.00000561
799.32	0.04	-0.00011566
799.36	0.04	-0.00008881
799.40	0.04	-0.00009312
799.44	0.04	-0.00003216
799.48	0.04	-0.00005158
799.52	0.04	-0.00004163
799.56	0.04	0.00001246
799.60	0.04	0.00002258
799.64	0.04	0.00000013
799.68	0.04	0.00001175
799.72	0.04	-0.00000924
799.76	0.04	-0.00008541
799.80	0.04	-0.00000966
799.84	0.04	-0.00001330
799.88	0.04	0.00000030
799.92	0.04	0.00004555
799.96	0.04	0.00000661
800.00	0.04	-0.00002812
800.04	0.04	-0.00002807
800.08	0.04	-0.00002641
800.12	0.04	-0.00000554
800.16	0.04	0.00000903
800.20	0.04	-0.00001298
800.24	0.04	0.00000849
800.28	0.04	0.00010664
800.32	0.04	0.00003934
800.36	0.04	-0.00001266
800.40	0.04	-0.00001016
800.44	0.04	0.00006647
800.48	0.04	-0.00001077
800.52	0.04	0.00000739
800.56	0.04	0.00009109
800.60	0.04	-0.00002765
800.64	0.04	-0.00001250
800.68	0.04	-0.00002582
800.72	0.04	0.00007880
800.76	0.04	-0.00002095
800.80	0.04	0.00000134
800.84	0.04	-0.00002958
800.88	0.04	-0.00000143
800.92	0.04	0.00001556
800.96	0.04	0.00001959
801.00	0.04	-0.00002541
801.04	0.04	0.00001825
801.08	0.04	0.00002785
801.12	0.04	-0.00002282
801.16	0.04	-0.00000825
801.20	0.04	-0.00001376
801.24	0.04	-0.00002243
801.28	0.04	-0.00003230
801.32	0.04	-0.00005052
801.36	0.04	-0.00000776
801.40	0.04	-0.00003286
801.44	0.04	-0.00000533
801.48	0.04	-0.00000719
801.52	0.04	0.00002429
801.56	0.04	0.00002028
801.60	0.04	0.00003217
801.64	0.04	-0.00004281
801.68	0.04	0.00002019
801.72	0.04	-0.00002215
801.76	0.04	-0.00004598
801.80	0.04	-0.00003511
801.84	0.04	-0.00005524
801.88	0.04	-0.00003750
801.92	0.04	-0.00000915
801.96	0.04	0.00005642
802.00	0.04	0.00001944
802.04	0.04	-0.00007533
802.08	0.04	0.00004596
802.12	0.04	-0.00016622
802.16	0.04	0.00020427
802.20	0.04	0.00040130
802.24	0.04	0.00001722
802.28	0.04	-0.00000887
802.32	0.04	-0.00011900
802.36	0.04	0.00001720
802.40	0.04	-0.00007808
802.44	0.04	0.00012598
802.48	0.04	-0.00007008
802.52	0.04	0.00003873
802.56	0.04	-0.00005581
802.60	0.04	-0.00001045
802.64	0.04	0.00003024
802.68	0.04	0.00009433
802.72	0.04	-0.00003851
802.76	0.04	-0.00007793
802.80	0.04	-0.00004721
802.84	0.04	-0.00003630
802.88	0.04	-0.00003138
802.92	0.04	-0.00000404
802.96	0.04	0.00007139
803.00	0.04	-0.00007151
803.04	0.04	0.00017749
803.08	0.04	-0.00008967
803.12	0.04	-0.00006115
803.16	0.04	-0.00003970
803.20	0.04	0.00017369
803.24	0.04	-0.00003337
803.28	0.04	0.00001883
803.32	0.04	-0.00001519
803.36	0.04	0.00002787
803.40	0.04	-0.00006049
803.44	0.04	0.00008216
803.48	0.04	-0.00002814
803.52	0.04	-0.00007865
803.56	0.04	-0.00003812
803.60	0.04	0.00003337
803.64	0.04	0.00001757
803.68	0.04	0.00004067
803.72	0.04	-0.00005207
803.76	0.04	0.00004625
803.80	0.04	0.00002623
803.84	0.04	-0.00001659
803.88	0.04	-0.00006578
803.92	0.04	-0.00002099
803.96	0.04	-0.00003443
804.00	0.04	0.00001712
804.04	0.04	0.00004659
804.08	0.04	0.00003873
804.12	0.04	-0.00006238
804.16	0.04	-0.00002134
804.20	0.04	-0.00004434
804.24	0.04	0.00006365
804.28	0.04	-0.00002068
804.32	0.04	-0.00001746
804.36	0.04	-0.00003054
804.40	0.04	0.00003570
804.44	0.04	0.00001352
804.48	0.04	-0.00007339
804.52	0.04	-0.00010117
804.56	0.04	-0.00001230
804.60	0.04	-0.00008168
804.64	0.04	0.00001952
804.68	0.04	0.00000101
804.72	0.04	0.00005113
804.76	0.04	-0.00010760
804.80	0.04	-0.00003005
804.84	0.04	0.00001677
804.88	0.04	-0.00002365
804.92	0.04	-0.00009628
804.96	0.04	-0.00000609
805.00	0.04	-0.00004388
805.04	0.04	-0.00005823
805.08	0.04	-0.00004828
805.12	0.04	-0.00002331
805.16	0.04	0.00000878
805.20	0.04	-0.00023927
805.24	0.04	0.00016505
805.28	0.04	-0.00001615
805.32	0.04	-0.00000547
805.36	0.04	0.00005192
805.40	0.04	0.00008125
805.44	0.04	-0.00001419
805.48	0.04	0.00004355
805.52	0.04	-0.00018676
805.56	0.04	0.00000534
805.60	0.04	0.00009566
805.64	0.04	-0.00009520
805.68	0.04	0.00004367
805.72	0.04	-0.00003575
805.76	0.04	-0.00048335
805.80	0.04	-0.00007789
805.84	0.04	0.00008932
805.88	0.04	0.00001156
805.92	0.04	-0.00004079
805.96	0.04	0.00005423
806.00	0.04	-0.00000634
806.04	0.04	-0.00011321
806.08	0.04	0.00009807
806.12	0.04	0.00010221
806.16	0.04	0.00006619
806.20	0.04	0.00022443
806.24	0.04	-0.00001336
806.28	0.04	0.00000556
806.32	0.04	0.00026368
806.36	0.04	-0.00023125
806.40	0.04	-0.00000835
806.44	0.04	-0.00002884
806.48	0.04	0.00006414
806.52	0.04	-0.00003211
806.56	0.04	0.00010067
806.60	0.04	-0.00001180
806.64	0.04	0.00001782
806.68	0.04	-0.00001053
806.72	0.04	-0.00012536
806.76	0.04	0.00001661
806.80	0.04	-0.00004052
806.84	0.04	0.00002708
806.88	0.04	-0.00015791
806.92	0.04	0.00003606
806.96	0.04	0.00004053
807.00	0.04	-0.00007377
807.04	0.04	-0.00006190
807.08	0.04	0.00006865
807.12	0.04	-0.00004289
807.16	0.04	-0.00001237
807.20	0.04	0.00012896
807.24	0.04	-0.00017106
807.28	0.04	0.00007406
807.32	0.04	0.00006817
807.36	0.04	-0.00012350
807.40	0.04	0.00003805
807.44	0.04	0.00017720
807.48	0.04	-0.00000829
807.52	0.04	-0.00000839
807.56	0.04	-0.00000205
807.60	0.04	0.00007706
807.64	0.04	0.00004706
807.68	0.04	0.00000067
807.72	0.04	0.00007046
807.76	0.04	0.00002641
807.80	0.04	0.00003832
807.84	0.04	0.00026813
807.88	0.04	0.00001375
807.92	0.04	-0.00006536
807.96	0.04	-0.00003194
808.00	0.04	-0.00002574
808.04	0.04	-0.00002171
808.08	0.04	-0.00002811
808.12	0.04	0.00000228
808.16	0.04	0.00003050
808.20	0.04	-0.00001719
808.24	0.04	-0.00002151
808.28	0.04	-0.00001852
808.32	0.04	0.00000014
808.36	0.04	-0.00000574
808.40	0.04	-0.00000417
808.44	0.04	0.00001484
808.48	0.04	-0.00000727
808.52	0.04	-0.00003234
808.56	0.04	0.00001363
808.60	0.04	0.00003509
808.64	0.04	0.00004083
808.68	0.04	0.00022437
808.72	0.04	0.00000884
808.76	0.04	-0.00000314
808.80	0.04	0.00006360
808.84	0.04	0.00001483
808.88	0.04	-0.00003019
808.92	0.04	-0.00001483
808.96	0.04	0.00011897
809.00	0.04	0.00012500
809.04	0.04	-0.00013199
809.08	0.04	-0.00009867
809.12	0.04	-0.00020404
809.16	0.04	0.00014197
809.20	0.04	0.00008086
809.24	0.04	0.00001121
809.28	0.04	0.00005755
809.32	0.04	0.00020284
809.36	0.04	-0.00008965
809.40	0.04	0.00001098
809.44	0.04	-0.00019375
809.48	0.04	0.00002212
809.52	0.04	-0.00006837
809.56	0.04	0.00005411
809.60	0.04	0.00001376
809.64	0.04	0.00003531
809.68	0.04	-0.00000239
809.72	0.04	-0.00000191
809.76	0.04	0.00008998
809.80	0.04	-0.00002012
809.84	0.04	-0.00006337
809.88	0.04	-0.00001452
809.92	0.04	0.00000368
809.96	0.04	0.00002274
810.00	0.04	-0.00003063
810.04	0.04	0.00002534
810.08	0.04	0.00000576
810.12	0.04	-0.00006263
810.16	0.04	0.00002130
810.20	0.04	-0.00006288
810.24	0.04	-0.00002061
810.28	0.04	-0.00001909
810.32	0.04	-0.00012154
810.36	0.04	0.00000879
810.40	0.04	-0.00004838
810.44	0.04	0.00001373
810.48	0.04	-0.00000890
810.52	0.04	-0.00004057
810.56	0.04	-0.00000141
810.60	0.04	-0.00003099
810.64	0.04	0.00001936
810.68	0.04	0.00006005
810.72	0.04	-0.00001229
810.76	0.04	-0.00007558
810.80	0.04	0.00008552
810.84	0.04	0.00007837
810.88	0.04	-0.00007619
810.92	0.04	-0.00000797
810.96	0.04	0.00010284
811.00	0.04	0.00001349
811.04	0.04	-0.00000882
811.08	0.04	-0.00011797
811.12	0.04	-0.00001586
811.16	0.04	0.00005757
811.20	0.04	0.00000992
811.24	0.04	0.00003971
811.28	0.04	0.00005914
811.32	0.04	0.00010756
811.36	0.04	0.00025630
811.40	0.04	0.00035804
811.44	0.04	0.00026880
811.48	0.04	0.00043098
811.52	0.04	0.00031320
811.56	0.04	0.00014225
811.60	0.04	0.00012389
811.64	0.04	0.00007153
811.68	0.04	-0.00008062
811.72	0.04	-0.00009754
811.76	0.04	0.00007806
811.80	0.04	0.00014535
811.84	0.04	0.00105956
811.88	0.04	0.00109491
811.92	0.04	0.00065159
811.96	0.04	0.00062397
812.00	0.04	0.00018769
812.04	0.04	0.00004523
812.08	0.04	0.00015236
812.12	0.04	0.00026077
812.16	0.04	0.00163038
812.20	0.04	0.00110253
812.24	0.04	0.00038801
812.28	0.04	-0.00013038
812.32	0.04	0.00021099
812.36	0.04	0.00015374
812.40	0.04	0.00052869
812.44	0.04	0.00029424
812.48	0.04	0.00023947
812.52	0.04	0.00049401
812.56	0.04	0.00115935
812.60	0.04	0.00034772
812.64	0.04	0.00074207
812.68	0.04	0.00101035
812.72	0.04	0.00082758
812.76	0.04	0.00075070
812.80	0.04	0.00085656
812.84	0.04	0.00013945
812.88	0.04	0.00017000
812.92	0.04	0.00026791
812.96	0.04	0.00004888
813.00	0.04	0.00005427
813.04	0.04	0.00025806
813.08	0.04	0.00070595
813.12	0.04	0.00110717
813.16	0.04	0.00166847
813.20	0.04	0.00008835
813.24	0.04	-0.00030480
813.28	0.04	0.00041462
813.32	0.04	0.00019347
813.36	0.04	0.00021307
813.40	0.04	0.00072723
813.44	0.04	0.00081015
813.48	0.04	0.00044506
813.52	0.04	0.00026082
813.56	0.04	0.00090912
813.60	0.04	0.00061071
813.64	0.04	0.00036609
813.68	0.04	0.00169015
813.72	0.04	0.00159577
813.76	0.04	0.00235141
813.80	0.04	0.00205814
813.84	0.04	0.00178804
813.88	0.04	0.00090891
813.92	0.04	0.00090400
813.96	0.04	0.00042779
814.00	0.04	0.00105891
814.04	0.04	0.00016170
814.08	0.04	0.00025366
814.12	0.04	0.00033036
814.16	0.04	-0.00002550
814.20	0.04	0.00033012
814.24	0.04	0.00020440
814.28	0.04	-0.00006942
814.32	0.04	0.00057933
814.36	0.04	0.00143486
814.40	0.04	0.00147427
814.44	0.04	0.00098680
814.48	0.04	0.00037525
814.52	0.04	0.00039315
814.56	0.04	0.00053575
814.60	0.04	0.00095727
814.64	0.04	0.00081849
814.68	0.04	0.00213499
814.72	0.04	0.00149773
814.76	0.04	0.00046662
814.80	0.04	0.00034317
814.84	0.04	0.00116639
814.88	0.04	0.00118012
814.92	0.04	0.00229651
814.96	0.04	0.00133596
815.00	0.04	0.00199571
815.04	0.04	0.00188799
815.08	0.04	0.00106682
815.12	0.04	0.00093868
815.16	0.04	0.00077636
815.20	0.04	0.00126061
815.24	0.04	0.00164564
815.28	0.04	0.00038484
815.32	0.04	0.00093673
815.36	0.04	0.00033828
815.40	0.04	0.00049225
815.44	0.04	0.00023750
815.48	0.04	0.00069308
815.52	0.04	0.00114080
815.56	0.04	0.00164052
815.60	0.04	0.00160267
815.64	0.04	0.00037241
815.68	0.04	0.00129966
815.72	0.04	0.00046368
815.76	0.04	0.00063367
815.80	0.04	0.00060308
815.84	0.04	0.00012734
815.88	0.04	0.00054441
815.92	0.04	0.00121372
815.96	0.04	0.00041038
816.00	0.04	0.00011851
816.04	0.04	0.00044072
816.08	0.04	-0.00006805
816.12	0.04	0.00026822
816.16	0.04	0.00036045
816.20	0.04	0.00038178
816.24	0.04	0.00036540
816.28	0.04	0.00035943
816.32	0.04	0.00026917
816.36	0.04	0.00062217
816.40	0.04	0.00057652
816.44	0.04	0.00084946
816.48	0.04	0.00037249
816.52	0.04	0.00007306
816.56	0.04	0.00026605
816.60	0.04	0.00023999
816.64	0.04	0.00032300
816.68	0.04	0.00078268
816.72	0.04	0.00102716
816.76	0.04	0.00102338
816.80	0.04	0.00105752
816.84	0.04	0.00091269
816.88	0.04	0.00030061
816.92	0.04	0.00038893
816.96	0.04	0.00037508
817.00	0.04	0.00074805
817.04	0.04	0.00064368
817.08	0.04	0.00077044
817.12	0.04	0.00052432
817.16	0.04	0.00084370
817.20	0.04	0.00096139
817.24	0.04	0.00050557
817.28	0.04	0.00053393
817.32	0.04	0.00070020
817.36	0.04	0.00093847
817.40	0.04	0.00076162
817.44	0.04	0.00076484
817.48	0.04	0.00091492
817.52	0.04	0.00098855
817.56	0.04	0.00103565
817.60	0.04	0.00048884
817.64	0.04	0.00005497
817.68	0.04	0.00069889
817.72	0.04	0.00053219
817.76	0.04	0.00091232
817.80	0.04	0.00073056
817.84	0.04	0.00101729
817.88	0.04	0.00087279
817.92	0.04	0.00093549
817.96	0.04	0.00103080
818.00	0.04	0.00111296
818.04	0.04	0.00084570
818.08	0.04	0.00096427
818.12	0.04	0.00087354
818.16	0.04	0.00102062
818.20	0.04	0.00067467
818.24	0.04	0.00105934
818.28	0.04	0.00081627
818.32	0.04	0.00065666
818.36	0.04	0.00060132
818.40	0.04	0.00040556
818.44	0.04	0.00014656
818.48	0.04	0.00010794
818.52	0.04	0.00010469
818.56	0.04	0.00000956
818.60	0.04	0.00006675
818.64	0.04	0.00054446
818.68	0.04	0.00002035
818.72	0.04	0.00006185
818.76	0.04	0.00011199
818.80	0.04	0.00010547
818.84	0.04	0.00034402
818.88	0.04	0.00017789
818.92	0.04	0.00028741
818.96	0.04	0.00027834
819.00	0.04	0.00013805
819.04	0.04	-0.00001407
819.08	0.04	0.00002806
819.12	0.04	0.00000935
819.16	0.04	0.00004114
819.20	0.04	0.00016983
819.24	0.04	0.00025546
819.28	0.04	-0.00002128
819.32	0.04	-0.00000593
819.36	0.04	0.00015879
819.40	0.04	0.00005475
819.44	0.04	0.00027297
819.48	0.04	0.00014326
819.52	0.04	0.00014731
819.56	0.04	0.00003828
819.60	0.04	0.00008108
819.64	0.04	0.00018594
819.68	0.04	0.00004131
819.72	0.04	0.00018531
819.76	0.04	0.00020021
819.80	0.04	0.00018109
819.84	0.04	0.00008357
819.88	0.04	0.00021637
819.92	0.04	0.00009431
819.96	0.04	0.00012261
820.00	0.04	0.00021160
820.04	0.04	0.00019132
820.08	0.04	0.00019921
820.12	0.04	0.00018347
820.16	0.04	0.00025635
820.20	0.04	0.00025800
820.24	0.04	0.00043496
820.28	0.04	0.00041261
820.32	0.04	0.00046885
820.36	0.04	0.00034904
820.40	0.04	0.00036878
820.44	0.04	0.00039729
820.48	0.04	0.00052123
820.52	0.04	0.00016076
820.56	0.04	0.00051255
820.60	0.04	0.00040075
820.64	0.04	0.00051358
820.68	0.04	0.00037168
820.72	0.04	0.00047109
820.76	0.04	0.00042823
820.80	0.04	0.00036973
820.84	0.04	0.00039619
820.88	0.04	0.00032865
820.92	0.04	0.00021160
820.96	0.04	0.00007462
821.00	0.04	0.00013123
821.04	0.04	0.00011850
821.08	0.04	0.00007714
821.12	0.04	-0.00008953
821.16	0.04	0.00005394
821.20	0.04	0.00002729
821.24	0.04	0.00007859
821.28	0.04	-0.00003504
821.32	0.04	0.00007311
821.36	0.04	0.00001876
821.40	0.04	0.00011645
821.44	0.04	0.00028683
821.48	0.04	0.00018771
821.52	0.04	0.00002909
821.56	0.04	0.00001540
821.60	0.04	0.00003926
821.64	0.04	0.00003493
821.68	0.04	0.00009685
821.72	0.04	0.00024237
821.76	0.04	0.00038023
821.80	0.04	0.00035535
821.84	0.04	0.00036958
821.88	0.04	0.00043416
821.92	0.04	0.00036715
821.96	0.04	0.00035885
822.00	0.04	0.00040676
822.04	0.04	0.00036185
822.08	0.04	0.00037767
822.12	0.04	0.00035161
822.16	0.04	0.00035606
822.20	0.04	0.00033431
822.24	0.04	0.00040507
822.28	0.04	0.00032146
822.32	0.04	0.00042562
822.36	0.04	0.00036448
822.40	0.04	0.00003988
822.44	0.04	0.00005466
822.48	0.04	0.00002746
822.52	0.04	0.00001994
822.56	0.04	0.00002230
822.60	0.04	0.00002755
822.64	0.04	0.00007356
822.68	0.04	-0.00000114
822.72	0.04	0.00000647
822.76	0.04	0.00004461
822.80	0.04	0.00001778
822.84	0.04	0.00000139
822.88	0.04	-0.00012249
822.92	0.04	0.00006837
822.96	0.04	-0.00002287
823.00	0.04	0.00006386
823.04	0.04	0.00001488
823.08	0.04	-0.00001745
823.12	0.04	0.00003518
823.16	0.04	0.00004630
823.20	0.04	-0.00003934
823.24	0.04	0.00006360
823.28	0.04	-0.00006787
823.32	0.04	0.00000368
823.36	0.04	0.00004141
823.40	0.04	-0.00001265
823.44	0.04	0.00008435
823.48	0.04	0.00001152
823.52	0.04	0.00002858
823.56	0.04	-0.00001567
823.60	0.04	0.00001022
823.64	0.04	0.00002030
823.68	0.04	0.00003786
823.72	0.04	0.00008182
823.76	0.04	-0.00008445
823.80	0.04	-0.00001371
823.84	0.04	0.00004856
823.88	0.04	-0.00002589
823.92	0.04	-0.00004573
823.96	0.04	0.00003492
824.00	0.04	0.00005318
824.04	0.04	0.00003586
824.08	0.04	0.00001443
824.12	0.04	0.00004975
824.16	0.04	-0.00003148
824.20	0.04	0.00006691
824.24	0.04	-0.00003717
824.28	0.04	-0.00002185
824.32	0.04	-0.00001039
824.36	0.04	0.00019513
824.40	0.04	0.00007463
824.44	0.04	0.00000936
824.48	0.04	0.00005436
824.52	0.04	-0.00003972
824.56	0.04	0.00000075
824.60	0.04	0.00012811
824.64	0.04	0.00006043
824.68	0.04	0.00006258
824.72	0.04	0.00003621
824.76	0.04	0.00008117
824.80	0.04	0.00011687
824.84	0.04	0.00012071
824.88	0.04	0.00011457
824.92	0.04	-0.00003988
824.96	0.04	-0.00001236
825.00	0.04	0.00002817
825.04	0.04	0.00001472
825.08	0.04	0.00005523
825.12	0.04	0.00032304
825.16	0.04	0.00035468
825.20	0.04	0.00027701
825.24	0.04	0.00036109
825.28	0.04	0.00031907
825.32	0.04	0.00041508
825.36	0.04	0.00038666
825.40	0.04	0.00003162
825.44	0.04	0.00000629
825.48	0.04	-0.00000276
825.52	0.04	0.00014960
825.56	0.04	0.00001619
825.60	0.04	0.00001301
825.64	0.04	0.00001576
825.68	0.04	0.00003079
825.72	0.04	0.00004952
825.76	0.04	0.00002823
825.80	0.04	0.00006005
825.84	0.04	0.00003833
825.88	0.04	0.00001361
825.92	0.04	-0.00002747
825.96	0.04	0.00007946
826.00	0.04	0.00004001
826.04	0.04	-0.00003902
826.08	0.04	0.00012904
826.12	0.04	0.00019308
826.16	0.04	-0.00008186
826.20	0.04	0.00005222
826.24	0.04	0.00008476
826.28	0.04	-0.00004034
826.32	0.04	0.00005080
826.36	0.04	0.00004896
826.40	0.04	-0.00001957
826.44	0.04	-0.00000995
826.48	0.04	-0.00002903
826.52	0.04	-0.00001360
826.56	0.04	-0.00000912
826.60	0.04	0.00013290
826.64	0.04	-0.00005360
826.68	0.04	0.00002888
826.72	0.04	0.00001812
826.76	0.04	0.00021184
826.80	0.04	0.00011813
826.84	0.04	-0.00001244
826.88	0.04	0.00002536
826.92	0.04	0.00002044
826.96	0.04	-0.00002423
827.00	0.04	0.00014302
827.04	0.04	0.00008407
827.08	0.04	0.00007875
827.12	0.04	0.00000335
827.16	0.04	0.00010449
827.20	0.04	0.00010089
827.24	0.04	-0.00000164
827.28	0.04	0.00002752
827.32	0.04	-0.00002380
827.36	0.04	0.00000729
827.40	0.04	0.00005104
827.44	0.04	0.00001866
827.48	0.04	0.00006659
827.52	0.04	0.00003091
827.56	0.04	-0.00000033
827.60	0.04	0.00001596
827.64	0.04	0.00001919
827.68	0.04	-0.00007234
827.72	0.04	0.00001953
827.76	0.04	0.00006238
827.80	0.04	0.00003527
827.84	0.04	0.00005679
827.88	0.04	0.00005697
827.92	0.04	0.00000711
827.96	0.04	0.00003185
828.00	0.04	-0.00002994
828.04	0.04	0.00002825
828.08	0.04	-0.00003157
828.12	0.04	0.00003776
828.16	0.04	-0.00000023
828.20	0.04	0.00001015
828.24	0.04	-0.00000748
828.28	0.04	-0.00001731
828.32	0.04	0.00002404
828.36	0.04	0.00000362
828.40	0.04	0.00005348
828.44	0.04	0.00004816
828.48	0.04	0.00016230
828.52	0.04	0.00021014
828.56	0.04	0.00010984
828.60	0.04	0.00001498
828.64	0.04	0.00004947
828.68	0.04	0.00002423
828.72	0.04	0.00011422
828.76	0.04	0.00017587
828.80	0.04	0.00032188
828.84	0.04	0.00037011
828.88	0.04	-0.00001236
828.92	0.04	0.00001432
828.96	0.04	0.00000724
829.00	0.04	0.00005745
829.04	0.04	0.00002663
829.08	0.04	0.00004755
829.12	0.04	0.00005519
829.16	0.04	0.00003423
829.20	0.04	0.00008355
829.24	0.04	0.00029440
829.28	0.04	0.00000726
829.32	0.04	0.00002936
829.36	0.04	0.00003637
829.40	0.04	0.00003316
829.44	0.04	0.00006890
829.48	0.04	0.00006465
829.52	0.04	0.00033894
829.56	0.04	0.00022081
829.60	0.04	0.00017763
829.64	0.04	-0.00001145
829.68	0.04	0.00009332
829.72	0.04	0.00002058
829.76	0.04	-0.00002740
829.80	0.04	0.00008285
829.84	0.04	0.00011479
829.88	0.04	-0.00001082
829.92	0.04	0.00009848
829.96	0.04	0.00010275
830.00	0.04	0.00006809
830.04	0.04	-0.00001881
830.08	0.04	0.00026258
830.12	0.04	0.00009746
830.16	0.04	0.00027144
830.20	0.04	0.00015536
830.24	0.04	0.00030483
830.28	0.04	0.00045281
830.32	0.04	0.00053556
830.36	0.04	0.00049291
830.40	0.04	0.00042120
830.44	0.04	0.00051429
830.48	0.04	0.00014313
830.52	0.04	0.00004624
830.56	0.04	0.00037299
830.60	0.04	0.00017828
830.64	0.04	0.00019426
830.68	0.04	-0.00003513
830.72	0.04	0.00005733
830.76	0.04	0.00038067
830.80	0.04	0.00021901
830.84	0.04	0.00007617
830.88	0.04	0.00003450
830.92	0.04	0.00021020
830.96	0.04	0.00020433
831.00	0.04	0.00006185
831.04	0.04	0.00036650
831.08	0.04	-0.00009495
831.12	0.04	0.00012585
831.16	0.04	0.00013199
831.20	0.04	0.00006135
831.24	0.04	-0.00001349
831.28	0.04	0.00046613
831.32	0.04	0.00036075
831.36	0.04	0.00062847
831.40	0.04	0.00048737
831.44	0.04	0.00053147
831.48	0.04	0.00043738
831.52	0.04	0.00021452
831.56	0.04	0.00080179
831.60	0.04	0.00050048
831.64	0.04	0.00052439
831.68	0.04	0.00046064
831.72	0.04	0.00071404
831.76	0.04	0.00040955
831.80	0.04	0.00021581
831.84	0.04	0.00009961
831.88	0.04	0.00001249
831.92	0.04	0.00014440
831.96	0.04	0.00006091
832.00	0.04	0.00008622
832.04	0.04	-0.00020686
832.08	0.04	0.00031484
832.12	0.04	0.00010559
832.16	0.04	0.00007271
832.20	0.04	0.00002617
832.24	0.04	0.00001038
832.28	0.04	0.00041790
832.32	0.04	0.00038330
832.36	0.04	0.00048019
832.40	0.04	0.00006238
832.44	0.04	0.00020804
832.48	0.04	0.00014971
832.52	0.04	0.00016534
832.56	0.04	0.00029576
832.60	0.04	0.00003892
832.64	0.04	-0.00011239
832.68	0.04	-0.00003684
832.72	0.04	0.00034850
832.76	0.04	-0.00005140
832.80	0.04	-0.00000387
832.84	0.04	0.00031511
832.88	0.04	-0.00020036
832.92	0.04	0.00006019
832.96	0.04	-0.00010640
833.00	0.04	-0.00008294
833.04	0.04	-0.00007490
833.08	0.04	0.00000432
833.12	0.04	0.00025417
833.16	0.04	0.00032025
833.20	0.04	-0.00065853
833.24	0.04	0.00027571
833.28	0.04	0.00027374
833.32	0.04	0.00005578
833.36	0.04	0.00034437
833.40	0.04	0.00015640
833.44	0.04	-0.00003355
833.48	0.04	0.00055955
833.52	0.04	0.00028620
833.56	0.04	0.00017626
833.60	0.04	0.00024697
833.64	0.04	-0.00001646
833.68	0.04	0.00035533
833.72	0.04	-0.00010206
833.76	0.04	0.00005465
833.80	0.04	0.00039722
833.84	0.04	0.00025628
833.88	0.04	-0.00046584
833.92	0.04	-0.00037582
833.96	0.04	0.00031324
834.00	0.04	0.00078326
834.04	0.04	0.00018548
834.08	0.04	0.00014762
834.12	0.04	0.00056058
834.16	0.04	0.00017653
834.20	0.04	0.00026821
834.24	0.04	0.00039733
834.28	0.04	0.00036538
834.32	0.04	0.00010517
834.36	0.04	0.00025627
834.40	0.04	-0.00001397
834.44	0.04	0.00006249
834.48	0.04	0.00003229
834.52	0.04	0.00052430
834.56	0.04	-0.00015773
834.60	0.04	0.00016801
834.64	0.04	0.00006855
834.68	0.04	-0.00000513
834.72	0.04	0.00019540
834.76	0.04	0.00026205
834.80	0.04	0.00042970
834.84	0.04	0.00032399
834.88	0.04	0.00003622
834.92	0.04	0.00025379
834.96	0.04	0.00047602
835.00	0.04	0.00038248
835.04	0.04	0.00027112
835.08	0.04	0.00056208
835.12	0.04	0.00061621
835.16	0.04	0.00064781
835.20	0.04	0.00026546
835.24	0.04	0.00030680
835.28	0.04	0.00064839
835.32	0.04	0.00037932
835.36	0.04	0.00022711
835.40	0.04	0.00029289
835.44	0.04	0.00023902
835.48	0.04	0.00010282
835.52	0.04	0.00018784
835.56	0.04	0.00002921
835.60	0.04	0.00005432
835.64	0.04	0.00008306
835.68	0.04	-0.00006127
835.72	0.04	-0.00015197
835.76	0.04	0.00013318
835.80	0.04	0.00003258
835.84	0.04	-0.00014641
835.88	0.04	0.00013462
835.92	0.04	-0.00019234
835.96	0.04	0.00006636
836.00	0.04	0.00007629
836.04	0.04	0.00008371
836.08	0.04	0.00019563
836.12	0.04	0.00013637
836.16	0.04	0.00002905
836.20	0.04	0.00009351
836.24	0.04	0.00003763
836.28	0.04	0.00013718
836.32	0.04	0.00004285
836.36	0.04	-0.00019027
836.40	0.04	0.00021805
836.44	0.04	0.00023998
836.48	0.04	0.00021072
836.52	0.04	0.00014213
836.56	0.04	0.00018954
836.60	0.04	0.00012608
836.64	0.04	0.00006629
836.68	0.04	0.00004945
836.72	0.04	0.00002972
836.76	0.04	0.00011608
836.80	0.04	0.00028882
836.84	0.04	0.00010927
836.88	0.04	-0.00023480
836.92	0.04	0.00002286
836.96	0.04	0.00015070
837.00	0.04	0.00029990
837.04	0.04	0.00020986
837.08	0.04	0.00006687
837.12	0.04	0.00008992
837.16	0.04	0.00014467
837.20	0.04	0.00009671
837.24	0.04	0.00006839
837.28	0.04	0.00001700
837.32	0.04	-0.00002245
837.36	0.04	0.00003328
837.40	0.04	0.00014935
837.44	0.04	0.00015177
837.48	0.04	0.00017354
837.52	0.04	0.00006219
837.56	0.04	0.00003226
837.60	0.04	0.00014417
837.64	0.04	0.00018425
837.68	0.04	0.00011438
837.72	0.04	0.00008763
837.76	0.04	-0.00008025
837.80	0.04	-0.00000874
837.84	0.04	0.00023336
837.88	0.04	0.00010040
837.92	0.04	0.00013632
837.96	0.04	0.00028838
838.00	0.04	0.00000099
838.04	0.04	-0.00000413
838.08	0.04	0.00001011
838.12	0.04	0.00035243
838.16	0.04	0.00008645
838.20	0.04	0.00004783
838.24	0.04	0.00003241
838.28	0.04	0.00000528
838.32	0.04	-0.00006027
838.36	0.04	0.00007670
838.40	0.04	0.00009630
838.44	0.04	0.00000769
838.48	0.04	-0.00002602
838.52	0.04	0.00025312
838.56	0.04	0.00017152
838.60	0.04	0.00006252
838.64	0.04	-0.00001882
838.68	0.04	0.00000778
838.72	0.04	0.00006367
838.76	0.04	0.00004022
838.80	0.04	0.00025984
838.84	0.04	0.00018988
838.88	0.04	0.00034796
838.92	0.04	0.00022022
838.96	0.04	0.00005728
839.00	0.04	-0.00001364
839.04	0.04	-0.00000108
839.08	0.04	0.00023139
839.12	0.04	0.00006743
839.16	0.04	0.00023406
839.20	0.04	-0.00004111
839.24	0.04	0.00007401
839.28	0.04	0.00005912
839.32	0.04	0.00036609
839.36	0.04	-0.00001082
839.40	0.04	0.00006504
839.44	0.04	-0.00010802
839.48	0.04	0.00020657
839.52	0.04	0.00008944
839.56	0.04	0.00005045
839.60	0.04	-0.00010271
839.64	0.04	0.00019470
839.68	0.04	0.00030642
839.72	0.04	0.00019275
839.76	0.04	0.00015242
839.80	0.04	0.00006975
839.84	0.04	-0.00003466
839.88	0.04	0.00034653
839.92	0.04	0.00033505
839.96	0.04	0.00016055
840.00	0.04	0.00021753
840.04	0.04	0.00035134
840.08	0.04	0.00032494
840.12	0.04	0.00037799
840.16	0.04	0.00027422
840.20	0.04	0.00041289
840.24	0.04	0.00038473
840.28	0.04	0.00050250
840.32	0.04	0.00038217
840.36	0.04	0.00039872
840.40	0.04	0.00033936
840.44	0.04	0.00037477
840.48	0.04	0.00026583
840.52	0.04	0.00018134
840.56	0.04	0.00032673
840.60	0.04	0.00036789
840.64	0.04	0.00030698
840.68	0.04	0.00029946
840.72	0.04	0.00025322
840.76	0.04	0.00046786
840.80	0.04	0.00037029
840.84	0.04	0.00044870
840.88	0.04	0.00044722
840.92	0.04	0.00047839
840.96	0.04	0.00028402
841.00	0.04	0.00023289
841.04	0.04	0.00017560
841.08	0.04	0.00029937
841.12	0.04	0.00028098
841.16	0.04	0.00014828
841.20	0.04	0.00021362
841.24	0.04	0.00026637
841.28	0.04	0.00026194
841.32	0.04	0.00038389
841.36	0.04	0.00025600
841.40	0.04	0.00024685
841.44	0.04	-0.00000401
841.48	0.04	-0.00000564
841.52	0.04	0.00017566
841.56	0.04	0.00025853
841.60	0.04	-0.00005484
841.64	0.04	0.00025424
841.68	0.04	0.00021550
841.72	0.04	-0.00000425
841.76	0.04	0.00002902
841.80	0.04	-0.00006118
841.84	0.04	0.00010142
841.88	0.04	-0.00013721
841.92	0.04	-0.00004303
841.96	0.04	-0.00007544
842.00	0.04	0.00006000
842.04	0.04	0.00006068
842.08	0.04	-0.00012458
842.12	0.04	0.00008052
842.16	0.04	0.00009130
842.20	0.04	-0.00012058
842.24	0.04	0.00033434
842.28	0.04	0.00008819
842.32	0.04	0.00030057
842.36	0.04	0.00005876
842.40	0.04	-0.00019600
842.44	0.04	0.00024343
842.48	0.04	-0.00014647
842.52	0.04	0.00020764
842.56	0.04	-0.00003570
842.60	0.04	0.00008501
842.64	0.04	-0.00002176
842.68	0.04	0.00024522
842.72	0.04	0.00015171
842.76	0.04	0.00002910
842.80	0.04	0.00001081
842.84	0.04	-0.00026560
842.88	0.04	0.00060024
842.92	0.04	0.00006995
842.96	0.04	0.00001795
843.00	0.04	-0.00001662
843.04	0.04	0.00012911
843.08	0.04	0.00008182
843.12	0.04	0.00010491
843.16	0.04	0.00029811
843.20	0.04	0.00031157
843.24	0.04	-0.00028554
843.28	0.04	-0.00017921
843.32	0.04	0.00016692
843.36	0.04	0.00014744
843.40	0.04	-0.00034922
843.44	0.04	-0.00001716
843.48	0.04	-0.00000997
843.52	0.04	-0.00048056
843.56	0.04	-0.00000084
843.60	0.04	-0.00032030
843.64	0.04	-0.00007644
843.68	0.04	0.00010435
843.72	0.04	-0.00027235
843.76	0.04	-0.00009807
843.80	0.04	-0.00031418
843.84	0.04	-0.00014468
843.88	0.04	0.00009048
843.92	0.04	-0.00008742
843.96	0.04	-0.00037166
844.00	0.04	-0.00024994
844.04	0.04	-0.00041930
844.08	0.04	-0.00041831
844.12	0.04	-0.00051977
844.16	0.04	-0.00037448
844.20	0.04	-0.00040704
844.24	0.04	-0.00015107
844.28	0.04	-0.00026873
844.32	0.04	-0.00065616
844.36	0.04	-0.00065504
844.40	0.04	-0.00062617
844.44	0.04	-0.00021480
844.48	0.04	0.00026001
844.52	0.04	-0.00001944
844.56	0.04	-0.00008872
844.60	0.04	0.00015643
844.64	0.04	-0.00011861
844.68	0.04	-0.00041767
844.72	0.04	-0.00078325
844.76	0.04	-0.00079510
844.80	0.04	-0.00083257
844.84	0.04	-0.00060080
844.88	0.04	-0.00091233
844.92	0.04	-0.00062092
844.96	0.04	-0.00040340
845.00	0.04	-0.00052869
845.04	0.04	-0.00051675
845.08	0.04	-0.00033649
845.12	0.04	-0.00067623
845.16	0.04	-0.00013437
845.20	0.04	-0.00005223
845.24	0.04	-0.00097262
845.28	0.04	-0.00056881
845.32	0.04	-0.00036900
845.36	0.04	-0.00066416
845.40	0.04	-0.00029639
845.44	0.04	-0.00033437
845.48	0.04	-0.00014455
845.52	0.04	-0.00078360
845.56	0.04	-0.00041074
845.60	0.04	-0.00066291
845.64	0.04	-0.00042626
845.68	0.04	-0.00013961
845.72	0.04	-0.00067582
845.76	0.04	-0.00048457
845.80	0.04	-0.00057288
845.84	0.04	-0.00086167
845.88	0.04	-0.00036757
845.92	0.04	-0.00078138
845.96	0.04	-0.00040506
846.00	0.04	-0.00026202
846.04	0.04	-0.00010799
846.08	0.04	-0.00041555
846.12	0.04	-0.00018699
846.16	0.04	0.00004535
846.20	0.04	-0.00019036
846.24	0.04	-0.00018242
846.28	0.04	-0.00033399
846.32	0.04	-0.00037922
846.36	0.04	0.00038989
846.40	0.04	0.00092471
846.44	0.04	-0.00067494
846.48	0.04	-0.00082758
846.52	0.04	0.00001021
846.56	0.04	-0.00045953
846.60	0.04	0.00054611
846.64	0.04	-0.00042229
846.68	0.04	-0.00106494
846.72	0.04	-0.00044720
846.76	0.04	-0.00025115
846.80	0.04	-0.00024645
846.84	0.04	0.00010930
846.88	0.04	-0.00031494
846.92	0.04	0.00008851
846.96	0.04	0.00007317
847.00	0.04	0.00002854
847.04	0.04	-0.00093141
847.08	0.04	-0.00079833
847.12	0.04	-0.00009023
847.16	0.04	-0.00019267
847.20	0.04	-0.00042323
847.24	0.04	0.00019277
847.28	0.04	-0.00040569
847.32	0.04	0.00000231
847.36	0.04	-0.00072995
847.40	0.04	-0.00028290
847.44	0.04	-0.00017281
847.48	0.04	-0.00022007
847.52	0.04	-0.00129361
847.56	0.04	-0.00402689
847.60	0.04	-0.00198397
847.64	0.04	-0.00463390
847.68	0.04	-0.00493596
847.72	0.04	-0.00365815
847.76	0.04	-0.00440559
847.80	0.04	-0.00556167
847.84	0.04	-0.00421178
847.88	0.04	-0.00472517
847.92	0.04	-0.00472914
847.96	0.04	-0.00492682
848.00	0.04	-0.00426490
848.04	0.04	-0.00507915
848.08	0.04	-0.00663721
848.12	0.04	-0.00599206
848.16	0.04	-0.00508689
848.20	0.04	-0.00660165
848.24	0.04	-0.00791056
848.28	0.04	-0.00703365
848.32	0.04	-0.00798533
848.36	0.04	-0.00670840
848.40	0.04	-0.00760688
848.44	0.04	-0.00780150
848.48	0.04	-0.00834786
848.52	0.04	-0.00595019
848.56	0.04	-0.00094778
848.60	0.04	-0.00579483
848.64	0.04	-0.00607376
848.68	0.04	-0.00782626
848.72	0.04	-0.01239078
848.76	0.04	-0.00944652
848.80	0.04	-0.01001535
848.84	0.04	-0.01227924
848.88	0.04	-0.01214240
848.92	0.04	-0.01176404
848.96	0.04	-0.01331534
849.00	0.04	-0.00951514
849.04	0.04	-0.00839494
849.08	0.04	-0.00964846
849.12	0.04	-0.01187019
849.16	0.04	-0.00853256
849.20	0.04	-0.00669658
849.24	0.04	-0.01673797
849.28	0.04	-0.01970562
849.32	0.04	-0.02789595
849.36	0.04	-0.03632267
849.40	0.04	-0.02824880
849.44	0.04	-0.02168864
849.48	0.04	-0.02252954
849.52	0.04	-0.02747694
849.56	0.04	-0.02732870
849.60	0.04	-0.03117343
849.64	0.04	-0.02064372
849.68	0.04	-0.01287844
849.72	0.04	-0.01592327
849.76	0.04	-0.01979109
849.80	0.04	-0.01649212
849.84	0.04	-0.02196585
849.88	0.04	-0.00457289
849.92	0.04	0.00516847
849.96	0.04	0.01784252
850.00	0.04	0.01608902
850.04	0.04	0.00791994
850.08	0.04	0.00749809
850.12	0.04	0.00978704
850.16	0.04	0.01259032
850.20	0.04	0.02257445
850.24	0.04	0.01498846
850.28	0.04	0.03054950
850.32	0.04	0.03037081
850.36	0.04	0.03117884
850.40	0.04	0.03820944
850.44	0.04	0.03681037
850.48	0.04	0.01864235
850.52	0.04	0.01347888
850.56	0.04	0.01309723
850.60	0.04	0.00831729
850.64	0.04	0.02856174
850.68	0.04	0.03885333
850.72	0.04	0.04740760
850.76	0.04	0.03784521
850.80	0.04	0.03599462
850.84	0.04	0.03558398
850.88	0.04	0.03781986
850.92	0.04	0.03867656
850.96	0.04	0.02069320
851.00	0.04	0.01064432
851.04	0.04	0.01474140
851.08	0.04	0.02403451
851.12	0.04	0.04705219
851.16	0.04	0.03632442
851.20	0.04	0.05532315
851.24	0.04	0.04565883
851.28	0.04	0.04075324
851.32	0.04	0.03999858
851.36	0.04	0.04333730
851.40	0.04	0.03057612
851.44	0.04	0.03011844
851.48	0.04	0.02683362
851.52	0.04	0.02426401
851.56	0.04	0.02487954
851.60	0.04	0.02618858
851.64	0.04	0.02958458
851.68	0.04	0.02922690
851.72	0.04	0.02453638
851.76	0.04	0.03072264
851.80	0.04	0.02246561
851.84	0.04	0.02039336
851.88	0.04	0.02359872
851.92	0.04	0.02970820
851.96	0.04	0.02245871
852.00	0.04	0.03042049
852.04	0.04	0.02694895
852.08	0.04	0.03066741
852.12	0.04	0.03746488
852.16	0.04	0.04400844
852.20	0.04	0.03769597
852.24	0.04	0.02558569
852.28	0.04	0.03154106
852.32	0.04	0.02658983
852.36	0.04	0.03211559
852.40	0.04	0.03129221
852.44	0.04	0.02933831
852.48	0.04	0.02482084
852.52	0.04	0.02523232
852.56	0.04	0.02520792
852.60	0.04	0.02600120
852.64	0.04	0.02686677
852.68	0.04	0.02650372
852.72	0.04	0.02368753
852.76	0.04	0.02036537
852.80	0.04	0.02666804
852.84	0.04	0.02604029
852.88	0.04	0.02678392
852.92	0.04	0.02510213
852.96	0.04	0.02203709
853.00	0.04	0.02307784
853.04	0.04	0.02773673
853.08	0.04	0.02467216
853.12	0.04	0.02236548
853.16	0.04	0.02719698
853.20	0.04	0.03526944
853.24	0.04	0.03728199
853.28	0.04	0.03145110
853.32	0.04	0.03055414
853.36	0.04	0.03432091
853.40	0.04	0.02897256
853.44	0.04	0.02882476
853.48	0.04	0.03473500
853.52	0.04	0.03569301
853.56	0.04	0.03032851
853.60	0.04	0.03029554
853.64	0.04	0.03210413
853.68	0.04	0.04220184
853.72	0.04	0.04114876
853.76	0.04	0.04233519
853.80	0.04	0.03654709
853.84	0.04	0.05216755
853.88	0.04	0.04124424
853.92	0.04	0.04532059
853.96	0.04	0.03218841
854.00	0.04	0.03453953
854.04	0.04	0.04801174
854.08	0.04	0.03861555
854.12	0.04	0.03959045
854.16	0.04	0.03005756
854.20	0.04	0.03589964
854.24	0.04	0.03711288
854.28	0.04	0.03485455
854.32	0.04	0.04303944
854.36	0.04	0.03503441
854.40	0.04	0.03933914
854.44	0.04	0.03213064
854.48	0.04	0.03399493
854.52	0.04	0.02822178
854.56	0.04	0.03436756
854.60	0.04	0.03435862
854.64	0.04	0.03986931
854.68	0.04	0.04805059
854.72	0.04	0.03485711
854.76	0.04	0.03132013
854.80	0.04	0.04252901
854.84	0.04	0.03574775
854.88	0.04	0.04159915
854.92	0.04	0.03507129
854.96	0.04	0.03402478
855.00	0.04	0.03587951
855.04	0.04	0.03397727
855.08	0.04	0.03454038
855.12	0.04	0.03694823
855.16	0.04	0.04101119
855.20	0.04	0.03903177
855.24	0.04	0.04297023
855.28	0.04	0.03681572
855.32	0.04	0.03945530
855.36	0.04	0.04223851
855.40	0.04	0.03934333
855.44	0.04	0.03927090
855.48	0.04	0.05720591
855.52	0.04	0.04811375
855.56	0.04	0.04214099
855.60	0.04	0.04475262
855.64	0.04	0.03957085
855.68	0.04	0.03752363
855.72	0.04	0.04654313
855.76	0.04	0.04039065
855.80	0.04	0.03364404
855.84	0.04	0.05135588
855.88	0.04	0.05114224
855.92	0.04	0.04474379
855.96	0.04	0.04443262
856.00	0.04	0.04107278
856.04	0.04	0.03161208
856.08	0.04	0.04101391
856.12	0.04	0.04229000
856.16	0.04	0.05596977
856.20	0.04	0.05145222
856.24	0.04	0.04420793
856.28	0.04	0.10771115
856.32	0.04	0.04117621
856.36	0.04	0.04971012
856.40	0.04	0.05978106
856.44	0.04	0.05913105
856.48	0.04	0.04606800
856.52	0.04	0.04266656
856.56	0.04	0.03896047
856.60	0.04	0.04665030
856.64	0.04	0.05737648
856.68	0.04	0.05452813
856.72	0.04	0.06192219
856.76	0.04	0.04810966
856.80	0.04	0.05525897
856.84	0.04	0.04754853
856.88	0.04	0.05026817
856.92	0.04	0.05049228
856.96	0.04	0.04285674
857.00	0.04	0.05598194
857.04	0.04	0.05154226
857.08	0.04	0.05104462
857.12	0.04	0.05601373
857.16	0.04	0.05634352
857.20	0.04	0.06960160
857.24	0.04	0.05157563
857.28	0.04	0.07941714
857.32	0.04	0.06173468
857.36	0.04	0.06828095
857.40	0.04	0.07910379
857.44	0.04	0.05433612
857.48	0.04	0.04825084
857.52	0.04	0.03966481
857.56	0.04	0.04789961
857.60	0.04	0.03820748
857.64	0.04	0.02689095
857.68	0.04	0.01861982
857.72	0.04	0.00231138
857.76	0.04	0.00160763
857.80	0.04	-0.00312035
857.84	0.04	-0.00041655
857.88	0.04	0.00008898
857.92	0.04	0.00464778
857.96	0.04	0.00126686
858.00	0.04	0.00006478
858.04	0.04	0.00005220
858.08	0.04	0.00021232
858.12	0.04	0.00006844
858.16	0.04	0.00410115
858.20	0.04	0.00280191
858.24	0.04	0.00089686
858.28	0.04	0.00208627
858.32	0.04	0.00414618
858.36	0.04	0.00050463
858.40	0.04	0.00010542
858.44	0.04	0.00004753
858.48	0.04	-0.00001142
858.52	0.04	-0.00000579
858.56	0.04	-0.00000854
858.60	0.04	-0.00000801
858.64	0.04	-0.00010298
858.68	0.04	0.00004069
858.72	0.04	-0.00003385
858.76	0.04	-0.00023905
858.80	0.04	-0.00002121
858.84	0.04	-0.00001452
858.88	0.04	-0.00000189
858.92	0.04	-0.00002193
858.96	0.04	-0.00001649
859.00	0.04	-0.00002899
859.04	0.04	-0.00002477
859.08	0.04	0.00003487
859.12	0.04	-0.00001910
859.16	0.04	0.00001029
859.20	0.04	-0.00002727
859.24	0.04	-0.00000704
859.28	0.04	0.00000762
859.32	0.04	0.00000266
859.36	0.04	-0.00002318
859.40	0.04	0.00005788
859.44	0.04	-0.00009647
859.48	0.04	-0.00007532
859.52	0.04	-0.00011532
859.56	0.04	-0.00005225
859.60	0.04	-0.00002797
859.64	0.04	-0.00000247
859.68	0.04	-0.00002069
859.72	0.04	-0.00003356
859.76	0.04	-0.00002411
859.80	0.04	0.00002179
859.84	0.04	0.00012880
859.88	0.04	0.00062447
859.92	0.04	-0.00076019
859.96	0.04	0.00021138
860.00	0.04	-0.00024036
860.04	0.04	-0.00029324
860.08	0.04	-0.00003019
860.12	0.04	-0.00004907
860.16	0.04	-0.00028060
860.20	0.04	0.00011900
860.24	0.04	0.00025310
860.28	0.04	0.00016049
860.32	0.04	0.00012575
860.36	0.04	0.00005051
860.40	0.04	0.00004244
860.44	0.04	0.00000906
860.48	0.04	-0.00003527
860.52	0.04	-0.00003410
860.56	0.04	-0.00006075
860.60	0.04	-0.00000576
860.64	0.04	-0.00003409
860.68	0.04	0.00004573
860.72	0.04	-0.00001795
860.76	0.04	-0.00003487
860.80	0.04	0.00000539
860.84	0.04	0.00010516
860.88	0.04	0.00009771
860.92	0.04	0.00021446
860.96	0.04	0.00005749
861.00	0.04	0.00000053
861.04	0.04	0.00005132
861.08	0.04	0.00014123
861.12	0.04	0.00006561
861.16	0.04	-0.00000532
861.20	0.04	-0.00002800
861.24	0.04	-0.00000430
861.28	0.04	0.00006102
861.32	0.04	0.00058858
861.36	0.04	-0.00015028
861.40	0.04	0.00083978
861.44	0.04	0.00002312
861.48	0.04	-0.00016494
861.52	0.04	-0.00021390
861.56	0.04	-0.00038861
861.60	0.04	-0.00036564
861.64	0.04	-0.00088296
861.68	0.04	0.00018476
861.72	0.04	-0.00001329
861.76	0.04	-0.00000970
861.80	0.04	-0.00002159
861.84	0.04	-0.00001794
861.88	0.04	-0.00000268
861.92	0.04	-0.00002017
861.96	0.04	-0.00003984
862.00	0.04	-0.00012088
862.04	0.04	-0.00004145
862.08	0.04	-0.00001353
862.12	0.04	0.00002549
862.16	0.04	-0.00005467
862.20	0.04	-0.00001117
862.24	0.04	-0.00002709
862.28	0.04	0.00004089
862.32	0.04	-0.00001367
862.36	0.04	-0.00006226
862.40	0.04	-0.00002846
862.44	0.04	-0.00001778
862.48	0.04	-0.00005256
862.52	0.04	-0.00003962
862.56	0.04	-0.00005836
862.60	0.04	-0.00010086
862.64	0.04	-0.00006955
862.68	0.04	-0.00003052
862.72	0.04	-0.00015325
862.76	0.04	-0.00002009
862.80	0.04	-0.00004683
862.84	0.04	-0.00000709
862.88	0.04	0.00002443
862.92	0.04	0.00005111
862.96	0.04	0.00002018
863.00	0.04	0.00001755
863.04	0.04	-0.00000391
863.08	0.04	0.00000002
863.12	0.04	-0.00000250
863.16	0.04	-0.00002083
863.20	0.04	0.00007190
863.24	0.04	0.00004616
863.28	0.04	0.00006223
863.32	0.04	0.00011626
863.36	0.04	-0.00138323
863.40	0.04	-0.00236892
863.44	0.04	-0.00316996
863.48	0.04	-0.00192182
863.52	0.04	0.00075433
863.56	0.04	-0.00022347
863.60	0.04	-0.00022342
863.64	0.04	-0.00057595
863.68	0.04	0.00099975
863.72	0.04	-0.00038776
863.76	0.04	-0.00019526
863.80	0.04	-0.00060591
863.84	0.04	-0.00096269
863.88	0.04	-0.00075765
863.92	0.04	-0.00029014
863.96	0.04	0.00010128
864.00	0.04	0.00002482
864.04	0.04	0.00003853
864.08	0.04	0.00002086
864.12	0.04	-0.00013360
864.16	0.04	-0.00014884
864.20	0.04	0.00010657
864.24	0.04	-0.00003921
864.28	0.04	0.00009386
864.32	0.04	0.00007552
864.36	0.04	-0.00003895
864.40	0.04	0.00012189
864.44	0.04	0.00007012
864.48	0.04	0.00003409
864.52	0.04	0.00000850
864.56	0.04	-0.00003098
864.60	0.04	-0.00004040
864.64	0.04	-0.00001663
864.68	0.04	0.00008748
864.72	0.04	-0.00003279
864.76	0.04	-0.00000809
864.80	0.04	0.00005246
864.84	0.04	-0.00004775
864.88	0.04	-0.00000489
864.92	0.04	0.00001106
864.96	0.04	-0.00002347
865.00	0.04	-0.00004270
865.04	0.04	0.00003044
865.08	0.04	0.00000003
865.12	0.04	-0.00013500
865.16	0.04	0.00021199
865.20	0.04	0.00060174
865.24	0.04	0.00035907
865.28	0.04	0.00040866
865.32	0.04	-0.00009545
865.36	0.04	-0.00036402
865.40	0.04	-0.00007540
865.44	0.04	0.00022362
865.48	0.04	0.00012906
865.52	0.04	-0.00015162
865.56	0.04	-0.00026928
865.60	0.04	-0.00007169
865.64	0.04	-0.00001740
865.68	0.04	-0.00016413
865.72	0.04	-0.00003328
865.76	0.04	0.00005544
865.80	0.04	-0.00003838
865.84	0.04	0.00050286
865.88	0.04	0.00024362
865.92	0.04	-0.00015745
865.96	0.04	0.00001496
866.00	0.04	-0.00003875
866.04	0.04	-0.00013512
866.08	0.04	-0.00009941
866.12	0.04	-0.00017919
866.16	0.04	0.00041809
866.20	0.04	-0.00017802
866.24	0.04	0.00009771
866.28	0.04	0.00006288
866.32	0.04	-0.00013418
866.36	0.04	-0.00002431
866.40	0.04	-0.00178731
866.44	0.04	0.00042894
866.48	0.04	0.00010961
866.52	0.04	-0.00006394
866.56	0.04	0.00013434
866.60	0.04	-0.00070066
866.64	0.04	0.00095520
866.68	0.04	-0.00015446
866.72	0.04	-0.00020053
866.76	0.04	0.00029076
866.80	0.04	0.00016583
866.84	0.04	-0.00092993
866.88	0.04	0.00022218
866.92	0.04	-0.00024922
866.96	0.04	-0.00026999
867.00	0.04	-0.00010835
867.04	0.04	-0.00086018
867.08	0.04	-0.00051984
867.12	0.04	-0.00028179
867.16	0.04	-0.00063284
867.20	0.04	-0.00018887
867.24	0.04	-0.00014751
867.28	0.04	-0.00060171
867.32	0.04	-0.00021136
867.36	0.04	-0.00031586
867.40	0.04	0.00080063
867.44	0.04	0.00028913
867.48	0.04	-0.00004056
867.52	0.04	-0.00011277
867.56	0.04	-0.00005887
867.60	0.04	-0.00003993
867.64	0.04	-0.00002444
867.68	0.04	-0.00007567
867.72	0.04	0.00006615
867.76	0.04	-0.00043090
867.80	0.04	-0.00056272
867.84	0.04	-0.00012019
867.88	0.04	-0.00014222
867.92	0.04	-0.00001086
867.96	0.04	-0.00070707
868.00	0.04	-0.00011415
868.04	0.04	0.00001995
868.08	0.04	-0.00027658
868.12	0.04	0.00006727
868.16	0.04	-0.00040521
868.20	0.04	-0.00003227
868.24	0.04	0.00039130
868.28	0.04	0.00070773
868.32	0.04	-0.00012832
868.36	0.04	0.00088297
868.40	0.04	-0.00020209
868.44	0.04	0.00000035
868.48	0.04	-0.00007653
868.52	0.04	0.00046168
868.56	0.04	-0.00012493
868.60	0.04	-0.00094915
868.64	0.04	0.00018260
868.68	0.04	0.00047452
868.72	0.04	-0.00058689
868.76	0.04	-0.00030220
868.80	0.04	0.00009692
868.84	0.04	-0.00022596
868.88	0.04	0.00069074
868.92	0.04	-0.00026553
868.96	0.04	-0.00102314
869.00	0.04	-0.00032503
869.04	0.04	-0.00093623
869.08	0.04	-0.00035741
869.12	0.04	-0.00012009
869.16	0.04	-0.00018440
869.20	0.04	-0.00071128
869.24	0.04	-0.00033848
869.28	0.04	-0.00051307
869.32	0.04	-0.00039217
869.36	0.04	-0.00025833
869.40	0.04	-0.00046520
869.44	0.04	-0.00066901
869.48	0.04	-0.00050359
869.52	0.04	-0.00075357
869.56	0.04	-0.00073582
869.60	0.04	-0.00057294
869.64	0.04	-0.00070892
869.68	0.04	-0.00074772
869.72	0.04	-0.00051578
869.76	0.04	-0.00059304
869.80	0.04	-0.00039671
869.84	0.04	-0.00064034
869.88	0.04	-0.00056146
869.92	0.04	0.00789974
869.96	0.04	0.02422827
870.00	0.04	0.02576436
870.04	0.04	0.00901565
870.08	0.04	0.00610098
870.12	0.04	0.01024053
870.16	0.04	0.00647327
870.20	0.04	0.00323563
870.24	0.04	0.00126972
870.28	0.04	0.00091766
870.32	0.04	0.00107521
870.36	0.04	-0.00010049
870.40	0.04	-0.00038197
870.44	0.04	0.00003405
870.48	0.04	0.00055540
870.52	0.04	-0.00021838
870.56	0.04	-0.00037303
870.60	0.04	-0.00005466
870.64	0.04	-0.00026903
870.68	0.04	-0.00048840
870.72	0.04	-0.00017504
870.76	0.04	-0.00022662
870.80	0.04	-0.00037338
870.84	0.04	-0.00009211
870.88	0.04	-0.00003781
870.92	0.04	-0.00020427
870.96	0.04	-0.00036695
871.00	0.04	-0.00035021
871.04	0.04	-0.00036001
871.08	0.04	-0.00029442
871.12	0.04	-0.00045214
871.16	0.04	-0.00030462
871.20	0.04	-0.00032451
871.24	0.04	-0.00033196
871.28	0.04	-0.00028361
871.32	0.04	-0.00024018
871.36	0.04	-0.00041313
871.40	0.04	-0.00032414
871.44	0.04	-0.00022052
871.48	0.04	-0.00042272
871.52	0.04	-0.00034180
871.56	0.04	-0.00039206
871.60	0.04	-0.00024037
871.64	0.04	-0.00023050
871.68	0.04	-0.00018708
871.72	0.04	-0.00031795
871.76	0.04	-0.00013192
871.80	0.04	-0.00012442
871.84	0.04	-0.00046874
871.88	0.04	-0.00028522
871.92	0.04	0.00006878
871.96	0.04	-0.00042706
872.00	0.04	-0.00120574
872.04	0.04	0.00098740
872.08	0.04	0.00012067
872.12	0.04	-0.00001277
872.16	0.04	-0.00005073
872.20	0.04	-0.00002289
872.24	0.04	-0.00001440
872.28	0.04	0.00110881
872.32	0.04	0.00124308
872.36	0.04	0.00066412
872.40	0.04	-0.00072448
872.44	0.04	-0.00045684
872.48	0.04	0.00004922
872.52	0.04	0.00013075
872.56	0.04	-0.00002413
872.60	0.04	-0.00013226
872.64	0.04	-0.00089347
872.68	0.04	0.00042173
872.72	0.04	0.00021213
872.76	0.04	0.00008340
872.80	0.04	0.00004143
872.84	0.04	-0.00013114
872.88	0.04	-0.00002399
872.92	0.04	-0.00002247
872.96	0.04	0.00008184
873.00	0.04	0.00006303
873.04	0.04	0.00004025
873.08	0.04	-0.00001509
873.12	0.04	0.00030745
873.16	0.04	-0.00008294
873.20	0.04	-0.00018411
873.24	0.04	-0.00012703
873.28	0.04	0.00002330
873.32	0.04	0.00013320
873.36	0.04	0.00024886
873.40	0.04	0.00005816
873.44	0.04	0.00010911
873.48	0.04	-0.00029013
873.52	0.04	0.00017840
873.56	0.04	-0.00016417
873.60	0.04	-0.00034574
873.64	0.04	-0.00019202
873.68	0.04	-0.00005860
873.72	0.04	0.00016305
873.76	0.04	-0.00000314
873.80	0.04	-0.00004146
873.84	0.04	-0.00004298
873.88	0.04	-0.00010694
873.92	0.04	-0.00017691
873.96	0.04	-0.00003259
874.00	0.04	-0.00007869
874.04	0.04	-0.00025715
874.08	0.04	0.00003666
874.12	0.04	-0.00012128
874.16	0.04	0.00002008
874.20	0.04	0.00016836
874.24	0.04	-0.00023448
874.28	0.04	-0.00002254
874.32	0.04	-0.00019172
874.36	0.04	-0.00001678
874.40	0.04	-0.00019491
874.44	0.04	0.00020376
874.48	0.04	-0.00013757
874.52	0.04	-0.00019891
874.56	0.04	0.00016753
874.60	0.04	0.00049990
874.64	0.04	-0.00005591
874.68	0.04	-0.00006762
874.72	0.04	-0.00006011
874.76	0.04	0.00014727
874.80	0.04	-0.00033881
874.84	0.04	-0.00006002
874.88	0.04	-0.00019315
874.92	0.04	-0.00002873
874.96	0.04	-0.00005618
875.00	0.04	-0.00008485
875.04	0.04	0.00013182
875.08	0.04	-0.00014116
875.12	0.04	-0.00003538
875.16	0.04	0.00014311
875.20	0.04	-0.00002418
875.24	0.04	-0.00001958
875.28	0.04	0.00005347
875.32	0.04	-0.00005867
875.36	0.04	-0.00000289
875.40	0.04	-0.00005436
875.44	0.04	-0.00019967
875.48	0.04	0.00005093
875.52	0.04	0.00018088
875.56	0.04	0.00014017
875.60	0.04	-0.00015492
875.64	0.04	0.00005432
875.68	0.04	0.00002215
875.72	0.04	-0.00009191
875.76	0.04	0.00005454
875.80	0.04	-0.00028392
875.84	0.04	-0.00000746
875.88	0.04	-0.00020541
875.92	0.04	0.00024390
875.96	0.04	-0.00014721
876.00	0.04	0.00005076
876.04	0.04	-0.00008762
876.08	0.04	-0.00009934
876.12	0.04	0.00005297
876.16	0.04	-0.00020183
876.20	0.04	-0.00035406
876.24	0.04	-0.00009747
876.28	0.04	-0.00070794
876.32	0.04	-0.00015732
876.36	0.04	-0.00026737
876.40	0.04	-0.00038235
876.44	0.04	-0.00035988
876.48	0.04	-0.00033943
876.52	0.04	-0.00026121
876.56	0.04	-0.00019704
876.60	0.04	-0.00019230
876.64	0.04	-0.00021447
876.68	0.04	-0.00032584
876.72	0.04	-0.00039219
876.76	0.04	-0.00029031
876.80	0.04	-0.00024387
876.84	0.04	0.00010603
876.88	0.04	0.00006626
876.92	0.04	-0.00020852
876.96	0.04	-0.00044756
877.00	0.04	-0.00004617
877.04	0.04	0.00054161
877.08	0.04	-0.00052514
877.12	0.04	-0.00008985
877.16	0.04	-0.00014330
877.20	0.04	-0.00005726
877.24	0.04	0.00012816
877.28	0.04	0.00002306
877.32	0.04	-0.00023541
877.36	0.04	-0.00012384
877.40	0.04	0.00012326
877.44	0.04	-0.00001810
877.48	0.04	-0.00019220
877.52	0.04	-0.00014917
877.56	0.04	0.00001435
877.60	0.04	-0.00026695
877.64	0.04	0.00014453
877.68	0.04	0.00011571
877.72	0.04	0.00005715
877.76	0.04	-0.00001098
877.80	0.04	0.00001613
877.84	0.04	-0.00004874
877.88	0.04	-0.00025018
877.92	0.04	-0.00011121
877.96	0.04	-0.00039349
878.00	0.04	-0.00034045
878.04	0.04	-0.00021349
878.08	0.04	-0.00027956
878.12	0.04	0.00001491
878.16	0.04	0.00006329
878.20	0.04	-0.00002082
878.24	0.04	-0.00031967
878.28	0.04	-0.00043574
878.32	0.04	-0.00026972
878.36	0.04	-0.00053127
878.40	0.04	-0.00053263
878.44	0.04	-0.00021416
878.48	0.04	-0.00021615
878.52	0.04	-0.00030805
878.56	0.04	-0.00025605
878.60	0.04	-0.00000018
878.64	0.04	-0.00011747
878.68	0.04	-0.00002148
878.72	0.04	-0.00012912
878.76	0.04	-0.00022742
878.80	0.04	-0.00025219
878.84	0.04	-0.00041398
878.88	0.04	-0.00021492
878.92	0.04	-0.00008665
878.96	0.04	-0.00023960
879.00	0.04	0.00002457
879.04	0.04	0.00005517
879.08	0.04	-0.00025235
879.12	0.04	-0.00013432
879.16	0.04	0.00013895
879.20	0.04	0.00034786
879.24	0.04	0.00005954
879.28	0.04	0.00040604
879.32	0.04	-0.00011353
879.36	0.04	0.00007496
879.40	0.04	0.00038504
879.44	0.04	0.00055794
879.48	0.04	-0.00050627
879.52	0.04	-0.00004263
879.56	0.04	0.00057196
879.60	0.04	-0.00018093
879.64	0.04	-0.00002628
879.68	0.04	-0.00003880
879.72	0.04	-0.00004835
879.76	0.04	-0.00005004
879.80	0.04	0.00001352
879.84	0.04	-0.00020664
879.88	0.04	-0.00023055
879.92	0.04	0.00032608
879.96	0.04	-0.00027771
880.00	0.04	0.00078436
880.04	0.04	0.00010019
880.08	0.04	0.00025840
880.12	0.04	-0.00005067
880.16	0.04	-0.00000192
880.20	0.04	-0.00014354
880.24	0.04	-0.00018832
880.28	0.04	-0.00047422
880.32	0.04	-0.00065147
880.36	0.04	-0.00039194
880.40	0.04	-0.00057075
880.44	0.04	-0.00061687
880.48	0.04	-0.00021768
880.52	0.04	-0.00017367
880.56	0.04	-0.00022791
880.60	0.04	-0.00041687
880.64	0.04	-0.00023090
880.68	0.04	-0.00056090
880.72	0.04	-0.00028627
880.76	0.04	-0.00082095
880.80	0.04	-0.00049688
880.84	0.04	-0.00043092
880.88	0.04	-0.00035664
880.92	0.04	-0.00022614
880.96	0.04	-0.00048678
881.00	0.04	-0.00055025
881.04	0.04	-0.00026056
881.08	0.04	-0.00033659
881.12	0.04	-0.00063746
881.16	0.04	-0.00055370
881.20	0.04	-0.00054891
881.24	0.04	-0.00092977
881.28	0.04	-0.00093564
881.32	0.04	-0.00092560
881.36	0.04	-0.00095928
881.40	0.04	-0.00093936
881.44	0.04	-0.00127272
881.48	0.04	-0.00070986
881.52	0.04	-0.00070061
881.56	0.04	-0.00089337
881.60	0.04	-0.00102700
881.64	0.04	-0.00063094
881.68	0.04	-0.00078891
881.72	0.04	-0.00049056
881.76	0.04	-0.00020201
881.80	0.04	-0.00063322
881.84	0.04	-0.00057481
881.88	0.04	-0.00037240
881.92	0.04	-0.00036784
881.96	0.04	0.00001214
882.00	0.04	-0.00030484
882.04	0.04	-0.00018306
882.08	0.04	-0.00038615
882.12	0.04	-0.00053392
882.16	0.04	-0.00023677
882.20	0.04	-0.00068360
882.24	0.04	-0.00076239
882.28	0.04	-0.00035401
882.32	0.04	-0.00035670
882.36	0.04	-0.00007256
882.40	0.04	0.00015005
882.44	0.04	0.00024770
882.48	0.04	0.00001196
882.52	0.04	0.00028373
882.56	0.04	0.00010739
882.60	0.04	0.00008104
882.64	0.04	0.00006523
882.68	0.04	-0.00019776
882.72	0.04	-0.00039173
882.76	0.04	-0.00011269
882.80	0.04	0.00002236
882.84	0.04	0.00012248
882.88	0.04	-0.00020374
882.92	0.04	-0.00011823
882.96	0.04	0.00002847
883.00	0.04	-0.00041797
883.04	0.04	0.00001687
883.08	0.04	-0.00035176
883.12	0.04	-0.00014690
883.16	0.04	0.00001040
883.20	0.04	0.00033325
883.24	0.04	0.00004165
883.28	0.04	0.00050799
883.32	0.04	0.00016779
883.36	0.04	0.00025860
883.40	0.04	-0.00000330
883.44	0.04	0.00009124
883.48	0.04	-0.00002151
883.52	0.04	-0.00012247
883.56	0.04	0.00054690
883.60	0.04	-0.00004695
883.64	0.04	0.00000923
883.68	0.04	0.00028548
883.72	0.04	-0.00029808
883.76	0.04	0.00004894
883.80	0.04	-0.00011274
883.84	0.04	0.00022558
883.88	0.04	0.00014677
883.92	0.04	-0.00001357
883.96	0.04	0.00004523
884.00	0.04	-0.00017108
884.04	0.04	0.00019851
884.08	0.04	0.00024726
884.12	0.04	0.00006500
884.16	0.04	0.00011822
884.20	0.04	0.00002921
884.24	0.04	-0.00005622
884.28	0.04	-0.00021020
884.32	0.04	-0.00015987
884.36	0.04	-0.00008893
884.40	0.04	-0.00020049
884.44	0.04	-0.00008846
884.48	0.04	-0.00001843
884.52	0.04	0.00000720
884.56	0.04	-0.00011682
884.60	0.04	-0.00005170
884.64	0.04	-0.00014777
884.68	0.04	-0.00010206
884.72	0.04	-0.00012758
884.76	0.04	-0.00019551
884.80	0.04	0.00005546
884.84	0.04	0.00008021
884.88	0.04	-0.00000434
884.92	0.04	-0.00006244
884.96	0.04	-0.00009531
885.00	0.04	-0.00035324
885.04	0.04	-0.00013010
885.08	0.04	-0.00009375
885.12	0.04	-0.00018257
885.16	0.04	-0.00011940
885.20	0.04	-0.00035335
885.24	0.04	-0.00001580
885.28	0.04	-0.00000824
885.32	0.04	0.00005977
885.36	0.04	-0.00017319
885.40	0.04	-0.00007196
885.44	0.04	-0.00004903
885.48	0.04	-0.00011305
885.52	0.04	0.00007004
885.56	0.04	-0.00027195
885.60	0.04	-0.00008862
885.64	0.04	-0.00017035
885.68	0.04	-0.00028934
885.72	0.04	-0.00006083
885.76	0.04	0.00000919
885.80	0.04	-0.00010331
885.84	0.04	-0.00040695
885.88	0.04	-0.00040211
885.92	0.04	-0.00049876
885.96	0.04	-0.00087916
886.00	0.04	-0.00053467
886.04	0.04	-0.00059333
886.08	0.04	-0.00073146
886.12	0.04	-0.00042270
886.16	0.04	-0.00049379
886.20	0.04	-0.00108433
886.24	0.04	-0.00093569
886.28	0.04	-0.00131677
886.32	0.04	-0.00124117
886.36	0.04	-0.00132725
886.40	0.04	-0.00178371
886.44	0.04	-0.00141923
886.48	0.04	-0.00132873
886.52	0.04	-0.00164001
886.56	0.04	-0.00124385
886.60	0.04	-0.00148772
886.64	0.04	-0.00145592
886.68	0.04	-0.00120580
886.72	0.04	-0.00114806
886.76	0.04	-0.00126950
886.80	0.04	-0.00092241
886.84	0.04	-0.00098499
886.88	0.04	-0.00105571
886.92	0.04	-0.00040853
886.96	0.04	-0.00040558
887.00	0.04	-0.00073651
887.04	0.04	-0.00070514
887.08	0.04	-0.00058443
887.12	0.04	-0.00046826
887.16	0.04	-0.00050718
887.20	0.04	-0.00076354
887.24	0.04	-0.00046478
887.28	0.04	-0.00035053
887.32	0.04	-0.00052919
887.36	0.04	-0.00051924
887.40	0.04	-0.00055612
887.44	0.04	-0.00068273
887.48	0.04	-0.00102332
887.52	0.04	-0.00092918
887.56	0.04	-0.00130248
887.60	0.04	-0.00103914
887.64	0.04	-0.00101107
887.68	0.04	-0.00060522
887.72	0.04	-0.00058502
887.76	0.04	-0.00048824
887.80	0.04	-0.00070540
887.84	0.04	-0.00112755
887.88	0.04	-0.00106460
887.92	0.04	-0.00098899
887.96	0.04	-0.00115691
888.00	0.04	-0.00106138
888.04	0.04	-0.00096069
888.08	0.04	-0.00093987
888.12	0.04	-0.00100407
888.16	0.04	-0.00094071
888.20	0.04	-0.00099311
888.24	0.04	-0.00113927
888.28	0.04	-0.00131824
888.32	0.04	-0.00105918
888.36	0.04	-0.00107128
888.40	0.04	-0.00053928
888.44	0.04	-0.00060876
888.48	0.04	-0.00073210
888.52	0.04	-0.00088341
888.56	0.04	-0.00131258
888.60	0.04	-0.00123997
888.64	0.04	-0.00123975
888.68	0.04	-0.00121893
888.72	0.04	-0.00058155
888.76	0.04	-0.00022827
888.80	0.04	-0.00007544
888.84	0.04	-0.00061502
888.88	0.04	-0.00055953
888.92	0.04	-0.00075309
888.96	0.04	-0.00072218
889.00	0.04	-0.00089665
889.04	0.04	-0.00022529
889.08	0.04	-0.00086568
889.12	0.04	-0.00098680
889.16	0.04	-0.00035608
889.20	0.04	-0.00021703
889.24	0.04	-0.00024851
889.28	0.04	-0.00018930
889.32	0.04	-0.00016175
889.36	0.04	-0.00028040
889.40	0.04	-0.00071770
889.44	0.04	-0.00097090
889.48	0.04	-0.00103609
889.52	0.04	-0.00112602
889.56	0.04	-0.00134805
889.60	0.04	-0.00104261
889.64	0.04	-0.00105458
889.68	0.04	-0.00107700
889.72	0.04	-0.00097096
889.76	0.04	-0.00122463
889.80	0.04	-0.00113940
889.84	0.04	-0.00135472
889.88	0.04	-0.00111034
889.92	0.04	-0.00104818
889.96	0.04	-0.00092921
890.00	0.04	-0.00101277
890.04	0.04	-0.00090885
890.08	0.04	-0.00089528
890.12	0.04	-0.00089476
890.16	0.04	-0.00079357
890.20	0.04	-0.00082432
890.24	0.04	-0.00062884
890.28	0.04	-0.00080251
890.32	0.04	-0.00094399
890.36	0.04	-0.00083216
890.40	0.04	-0.00074921
890.44	0.04	-0.00084002
890.48	0.04	-0.00093871
890.52	0.04	-0.00080697
890.56	0.04	-0.00089707
890.60	0.04	-0.00080067
890.64	0.04	-0.00059894
890.68	0.04	-0.00048489
890.72	0.04	-0.00054794
890.76	0.04	-0.00061073
890.80	0.04	-0.00068602
890.84	0.04	-0.00072256
890.88	0.04	-0.00055776
890.92	0.04	-0.00068617
890.96	0.04	-0.00066072
891.00	0.04	-0.00059994
891.04	0.04	-0.00038323
891.08	0.04	-0.00057146
891.12	0.04	-0.00053099
891.16	0.04	-0.00059570
891.20	0.04	-0.00071863
891.24	0.04	-0.00065741
891.28	0.04	-0.00076644
891.32	0.04	-0.00061576
891.36	0.04	-0.00009953
891.40	0.04	0.00004109
891.44	0.04	-0.00003196
891.48	0.04	-0.00010646
891.52	0.04	-0.00006538
891.56	0.04	-0.00015469
891.60	0.04	-0.00048797
891.64	0.04	-0.00015604
891.68	0.04	-0.00019432
891.72	0.04	-0.00002177
891.76	0.04	-0.00066571
891.80	0.04	-0.00059650
891.84	0.04	0.00002315
891.88	0.04	-0.00019139
891.92	0.04	-0.00026387
891.96	0.04	-0.00003299
892.00	0.04	0.00014674
892.04	0.04	0.00020697
892.08	0.04	-0.00012535
892.12	0.04	-0.00037212
892.16	0.04	-0.00016886
892.20	0.04	-0.00016201
892.24	0.04	-0.00000529
892.28	0.04	-0.00004800
892.32	0.04	-0.00017410
892.36	0.04	0.00012107
892.40	0.04	-0.00020861
892.44	0.04	0.00007880
892.48	0.04	0.00019594
892.52	0.04	-0.00016502
892.56	0.04	-0.00019491
892.60	0.04	-0.00043585
892.64	0.04	0.00013533
892.68	0.04	0.00004331
892.72	0.04	0.00003115
892.76	0.04	-0.00009646
892.80	0.04	0.00020827
892.84	0.04	0.00008002
892.88	0.04	0.00012658
892.92	0.04	0.00005865
892.96	0.04	0.00004722
893.00	0.04	0.00012704
893.04	0.04	-0.00011083
893.08	0.04	0.00003545
893.12	0.04	-0.00046025
893.16	0.04	0.00001762
893.20	0.04	-0.00001533
893.24	0.04	0.00010708
893.28	0.04	0.00014671
893.32	0.04	-0.00004936
893.36	0.04	0.00015972
893.40	0.04	0.00007530
893.44	0.04	-0.00012060
893.48	0.04	-0.00008476
893.52	0.04	-0.00027159
893.56	0.04	-0.00025708
893.60	0.04	-0.00003171
893.64	0.04	-0.00040703
893.68	0.04	-0.00016035
893.72	0.04	-0.00027837
893.76	0.04	-0.00015232
893.80	0.04	0.00006898
893.84	0.04	-0.00028776
893.88	0.04	-0.00039113
893.92	0.04	-0.00042289
893.96	0.04	0.00008506
894.00	0.04	-0.00042018
894.04	0.04	-0.00024039
894.08	0.04	-0.00003553
894.12	0.04	-0.00017117
894.16	0.04	-0.00006650
894.20	0.04	-0.00015811
894.24	0.04	0.00023408
894.28	0.04	0.00044008
894.32	0.04	-0.00028280
894.36	0.04	0.00026249
894.40	0.04	-0.00026138
894.44	0.04	0.00022407
894.48	0.04	-0.00020108
894.52	0.04	-0.00045601
894.56	0.04	-0.00014429
894.60	0.04	-0.00008453
894.64	0.04	-0.00036812
894.68	0.04	-0.00019107
894.72	0.04	-0.00029956
894.76	0.04	0.00013341
894.80	0.04	-0.00026568
894.84	0.04	-0.00007074
894.88	0.04	-0.00033449
894.92	0.04	-0.00026071
894.96	0.04	-0.00051506
895.00	0.04	-0.00038090
895.04	0.04	-0.00021694
895.08	0.04	-0.00046739
895.12	0.04	-0.00060534
895.16	0.04	-0.00059396
895.20	0.04	0.00006814
895.24	0.04	0.00036168
895.28	0.04	0.00002872
895.32	0.04	0.00010578
895.36	0.04	-0.00009088
895.40	0.04	-0.00025234
895.44	0.04	-0.00002015
895.48	0.04	-0.00044409
895.52	0.04	-0.00050656
895.56	0.04	-0.00013881
895.60	0.04	-0.00005478
895.64	0.04	-0.00013607
895.68	0.04	-0.00062792
895.72	0.04	-0.00039001
895.76	0.04	-0.00023148
895.80	0.04	-0.00043709
895.84	0.04	-0.00050967
895.88	0.04	-0.00025446
895.92	0.04	0.00007584
895.96	0.04	0.00019082
896.00	0.04	-0.00055274
896.04	0.04	0.00048317
896.08	0.04	-0.00002584
896.12	0.04	0.00011729
896.16	0.04	0.00005174
896.20	0.04	0.00053326
896.24	0.04	0.00021748
896.28	0.04	0.00051601
896.32	0.04	0.00210050
896.36	0.04	0.00058617
896.40	0.04	-0.00002527
896.44	0.04	0.00015490
896.48	0.04	-0.00061216
896.52	0.04	-0.00081873
896.56	0.04	-0.00093013
896.60	0.04	-0.00001917
896.64	0.04	-0.00047589
896.68	0.04	-0.00022594
896.72	0.04	-0.00040700
896.76	0.04	-0.00077377
896.80	0.04	-0.00109047
896.84	0.04	-0.00017387
896.88	0.04	-0.00070879
896.92	0.04	-0.00107829
896.96	0.04	-0.00094588
897.00	0.04	-0.00082749
897.04	0.04	-0.00123004
897.08	0.04	-0.00082170
897.12	0.04	-0.00074109
897.16	0.04	-0.00092552
897.20	0.04	-0.00050989
897.24	0.04	-0.00060665
897.28	0.04	-0.00015484
897.32	0.04	-0.00029342
897.36	0.04	0.00018119
897.40	0.04	0.00006385
897.44	0.04	-0.00006103
897.48	0.04	-0.00011406
897.52	0.04	-0.00004352
897.56	0.04	-0.00016061
897.60	0.04	-0.00099045
897.64	0.04	-0.00054702
897.68	0.04	0.00028644
897.72	0.04	0.00010824
897.76	0.04	-0.00021027
897.80	0.04	-0.00045397
897.84	0.04	-0.00068939
897.88	0.04	-0.00037280
897.92	0.04	-0.00010381
897.96	0.04	-0.00005672
898.00	0.04	-0.00013473
898.04	0.04	-0.00050700
898.08	0.04	-0.00061993
898.12	0.04	-0.00060639
898.16	0.04	-0.00100468
898.20	0.04	-0.00076004
898.24	0.04	-0.00100536
898.28	0.04	-0.00082664
898.32	0.04	-0.00072169
898.36	0.04	-0.00033129
898.40	0.04	-0.00012480
898.44	0.04	-0.00011515
898.48	0.04	-0.00042646
898.52	0.04	0.00001261
898.56	0.04	-0.00014497
898.60	0.04	0.00008556
898.64	0.04	-0.00011883
898.68	0.04	-0.00075729
898.72	0.04	-0.00049903
898.76	0.04	-0.00058978
898.80	0.04	0.00014793
898.84	0.04	-0.00016728
898.88	0.04	-0.00018105
898.92	0.04	-0.00106104
898.96	0.04	-0.00035893
899.00	0.04	-0.00000331
899.04	0.04	-0.00011968
899.08	0.04	-0.00013840
899.12	0.04	-0.00039839
899.16	0.04	-0.00063228
899.20	0.04	-0.00066289
899.24	0.04	-0.00089476
899.28	0.04	-0.00074441
899.32	0.04	-0.00109160
899.36	0.04	-0.00080771
899.40	0.04	-0.00105486
899.44	0.04	-0.00108308
899.48	0.04	-0.00069756
899.52	0.04	-0.00049443
899.56	0.04	-0.00056339
899.60	0.04	-0.00047586
899.64	0.04	-0.00066239
899.68	0.04	-0.00045800
899.72	0.04	-0.00052454
899.76	0.04	-0.00049484
899.80	0.04	-0.00052266
899.84	0.04	-0.00036335
899.88	0.04	-0.00028656
899.92	0.04	-0.00044404
899.96	0.04	-0.00058281
900.00	0.04	-0.00045676
900.04	0.04	-0.00060869
900.08	0.04	-0.00010140
900.12	0.04	0.00019831
900.16	0.04	0.00010649
900.20	0.04	-0.00020226
900.24	0.04	0.00003644
900.28	0.04	0.00000352
900.32	0.04	-0.00028132
900.36	0.04	-0.00021755
900.40	0.04	0.00014075
900.44	0.04	-0.00006351
900.48	0.04	-0.00003537
900.52	0.04	-0.00022347
900.56	0.04	0.00043299
900.60	0.04	-0.00028611
900.64	0.04	-0.00029453
900.68	0.04	-0.00018586
900.72	0.04	-0.00027328
900.76	0.04	-0.00036335
900.80	0.04	-0.00075011
900.84	0.04	-0.00036631
900.88	0.04	-0.00062940
900.92	0.04	-0.00036344
900.96	0.04	-0.00053384
901.00	0.04	-0.00059528
901.04	0.04	-0.00084900
901.08	0.04	-0.00067193
901.12	0.04	-0.00052543
901.16	0.04	-0.00048331
901.20	0.04	-0.00069327
901.24	0.04	-0.00038512
901.28	0.04	-0.00044128
901.32	0.04	-0.00029090
901.36	0.04	-0.00028480
901.40	0.04	0.00003957
901.44	0.04	-0.00022326
901.48	0.04	-0.00013048
901.52	0.04	-0.00007770
901.56	0.04	-0.00011883
901.60	0.04	0.00006296
901.64	0.04	-0.00026758
901.68	0.04	-0.00002362
901.72	0.04	-0.00010725
901.76	0.04	-0.00026190
901.80	0.04	0.00000104
901.84	0.04	-0.00013939
901.88	0.04	-0.00028141
901.92	0.04	-0.00036670
901.96	0.04	-0.00048404
902.00	0.04	-0.00009364
902.04	0.04	-0.00024688
902.08	0.04	-0.00019645
902.12	0.04	-0.00028062
902.16	0.04	-0.00022015
902.20	0.04	-0.00036233
902.24	0.04	-0.00001898
902.28	0.04	-0.00005701
902.32	0.04	-0.00011473
902.36	0.04	-0.00001979
902.40	0.04	-0.00011946
902.44	0.04	-0.00013254
902.48	0.04	-0.00014670
902.52	0.04	-0.00024583
902.56	0.04	-0.00021835
902.60	0.04	0.00008292
902.64	0.04	0.00001343
902.68	0.04	-0.00001728
902.72	0.04	-0.00021897
902.76	0.04	0.00004463
902.80	0.04	-0.00012967
902.84	0.04	-0.00001328
902.88	0.04	0.00016684
902.92	0.04	-0.00014498
902.96	0.04	0.00005851
903.00	0.04	0.00008734
903.04	0.04	0.00028789
903.08	0.04	0.00005518
903.12	0.04	-0.00015210
903.16	0.04	0.00001184
903.20	0.04	-0.00001524
903.24	0.04	-0.00005611
903.28	0.04	-0.00020790
903.32	0.04	-0.00025414
903.36	0.04	-0.00005834
903.40	0.04	-0.00019812
903.44	0.04	-0.00008524
903.48	0.04	0.00030302
903.52	0.04	0.00008145
903.56	0.04	-0.00059431
903.60	0.04	-0.00017239
903.64	0.04	0.00000096
903.68	0.04	-0.00008741
903.72	0.04	-0.00013985
903.76	0.04	-0.00036444
903.80	0.04	-0.00029442
903.84	0.04	-0.00054969
903.88	0.04	-0.00076863
903.92	0.04	-0.00044335
903.96	0.04	-0.00041289
904.00	0.04	-0.00052689
904.04	0.04	-0.00015511
904.08	0.04	-0.00049545
904.12	0.04	-0.00025772
904.16	0.04	-0.00048619
904.20	0.04	-0.00045248
904.24	0.04	-0.00039455
904.28	0.04	-0.00041295
904.32	0.04	-0.00028781
904.36	0.04	-0.00019508
904.40	0.04	-0.00031660
904.44	0.04	0.00003493
904.48	0.04	-0.00006348
904.52	0.04	-0.00010380
904.56	0.04	-0.00015671
904.60	0.04	0.00001121
904.64	0.04	0.00003224
904.68	0.04	-0.00004589
904.72	0.04	-0.00033713
904.76	0.04	-0.00007580
904.80	0.04	0.00000078
904.84	0.04	-0.00058527
904.88	0.04	-0.00058373
904.92	0.04	0.00033090
904.96	0.04	0.00000493
905.00	0.04	-0.00005307
905.04	0.04	-0.00001966
905.08	0.04	-0.00044839
905.12	0.04	0.00015804
905.16	0.04	0.00023812
905.20	0.04	0.00016556
905.24	0.04	-0.00004202
905.28	0.04	-0.00006935
905.32	0.04	-0.00025792
905.36	0.04	0.00005035
905.40	0.04	-0.00017295
905.44	0.04	-0.00024832
905.48	0.04	0.00030420
905.52	0.04	0.00022070
905.56	0.04	0.00011259
905.60	0.04	0.00030740
905.64	0.04	0.00031331
905.68	0.04	0.00032438
905.72	0.04	-0.00034377
905.76	0.04	0.00007372
905.80	0.04	0.00017418
905.84	0.04	-0.00005108
905.88	0.04	0.00006954
905.92	0.04	0.00017016
905.96	0.04	0.00007335
906.00	0.04	-0.00002671
906.04	0.04	0.00005051
906.08	0.04	0.00014501
906.12	0.04	0.00009007
906.16	0.04	-0.00015572
906.20	0.04	-0.00029741
906.24	0.04	-0.00008518
906.28	0.04	-0.00001015
906.32	0.04	0.00019189
906.36	0.04	-0.00011669
906.40	0.04	0.00001131
906.44	0.04	-0.00008655
906.48	0.04	-0.00007819
906.52	0.04	-0.00009135
906.56	0.04	-0.00001086
906.60	0.04	0.00003343
906.64	0.04	-0.00015661
906.68	0.04	0.00009264
906.72	0.04	-0.00001821
906.76	0.04	-0.00005400
906.80	0.04	0.00011628
906.84	0.04	-0.00008547
906.88	0.04	0.00005448
906.92	0.04	-0.00001835
906.96	0.04	0.00000865
907.00	0.04	0.00004228
907.04	0.04	-0.00009349
907.08	0.04	-0.00033364
907.12	0.04	-0.00028715
907.16	0.04	0.00009904
907.20	0.04	-0.00011824
907.24	0.04	-0.00022797
907.28	0.04	0.00014593
907.32	0.04	-0.00003749
907.36	0.04	-0.00022029
907.40	0.04	-0.00001101
907.44	0.04	0.00012697
907.48	0.04	-0.00012117
907.52	0.04	0.00007735
907.56	0.04	0.00013906
907.60	0.04	0.00000317
907.64	0.04	0.00018818
907.68	0.04	0.00017648
907.72	0.04	0.00015022
907.76	0.04	-0.00005152
907.80	0.04	-0.00000983
907.84	0.04	0.00019858
907.88	0.04	0.00010541
907.92	0.04	0.00005785
907.96	0.04	-0.00008095
908.00	0.04	0.00010733
908.04	0.04	0.00006900
908.08	0.04	0.00052954
908.12	0.04	0.00030541
908.16	0.04	-0.00009718
908.20	0.04	0.00015278
908.24	0.04	0.00028697
908.28	0.04	0.00030826
908.32	0.04	0.00000257
908.36	0.04	-0.00021050
908.40	0.04	-0.00001513
908.44	0.04	0.00010629
908.48	0.04	-0.00003351
908.52	0.04	0.00011381
908.56	0.04	-0.00001720
908.60	0.04	-0.00019665
908.64	0.04	-0.00011314
908.68	0.04	0.00005875
908.72	0.04	0.00016275
908.76	0.04	0.00007565
908.80	0.04	-0.00018067
908.84	0.04	0.00002837
908.88	0.04	0.00010340
908.92	0.04	0.00008803
908.96	0.04	-0.00025075
909.00	0.04	-0.00014305
909.04	0.04	-0.00007530
909.08	0.04	0.00024308
909.12	0.04	0.00008280
909.16	0.04	0.00002396
909.20	0.04	0.00013827
909.24	0.04	-0.00009122
909.28	0.04	-0.00017576
909.32	0.04	-0.00025185
909.36	0.04	0.00010907
909.40	0.04	0.00000731
909.44	0.04	-0.00012222
909.48	0.04	-0.00011866
909.52	0.04	0.00002909
909.56	0.04	-0.00022069
909.60	0.04	-0.00021621
909.64	0.04	-0.00018382
909.68	0.04	-0.00039423
909.72	0.04	-0.00024223
909.76	0.04	-0.00021046
909.80	0.04	-0.00004657
909.84	0.04	0.00036558
909.88	0.04	0.00016490
909.92	0.04	0.00011032
909.96	0.04	0.00032370
910.00	0.04	0.00017861
910.04	0.04	0.00000132
910.08	0.04	0.00026063
910.12	0.04	0.00004420
910.16	0.04	0.00040870
910.20	0.04	-0.00002176
910.24	0.04	0.00015598
910.28	0.04	0.00009351
910.32	0.04	0.00044653
910.36	0.04	-0.00004462
910.40	0.04	0.00030664
910.44	0.04	0.00005192
910.48	0.04	0.00003259
910.52	0.04	0.00001209
910.56	0.04	-0.00074805
910.60	0.04	-0.00030394
910.64	0.04	0.00045373
910.68	0.04	-0.00022848
910.72	0.04	-0.00004088
910.76	0.04	0.00026780
910.80	0.04	-0.00011515
910.84	0.04	0.00035936
910.88	0.04	0.00008706
910.92	0.04	0.00002545
910.96	0.04	0.00006720
911.00	0.04	0.00000282
911.04	0.04	0.00006370
911.08	0.04	0.00003601
911.12	0.04	0.00001241
911.16	0.04	0.00008661
911.20	0.04	-0.00030549
911.24	0.04	-0.00005448
911.28	0.04	-0.00026565
911.32	0.04	-0.00009551
911.36	0.04	-0.00018854
911.40	0.04	-0.00008808
911.44	0.04	-0.00012157
911.48	0.04	-0.00022853
911.52	0.04	-0.00010475
911.56	0.04	-0.00013081
911.60	0.04	0.00010039
911.64	0.04	0.00012920
911.68	0.04	0.00017003
911.72	0.04	0.00008698
911.76	0.04	0.00016496
911.80	0.04	0.00008914
911.84	0.04	-0.00017773
911.88	0.04	0.00027362
911.92	0.04	0.00013681
911.96	0.04	-0.00008821
912.00	0.04	0.00007283
912.04	0.04	0.00020504
912.08	0.04	-0.00005127
912.12	0.04	0.00007340
912.16	0.04	0.00005006
912.20	0.04	0.00004744
912.24	0.04	0.00006354
912.28	0.04	0.00015964
912.32	0.04	0.00009948
912.36	0.04	0.00008894
912.40	0.04	0.00019245
912.44	0.04	0.00015354
912.48	0.04	0.00024881
912.52	0.04	0.00004442
912.56	0.04	0.00014505
912.60	0.04	0.00003080
912.64	0.04	-0.00003994
912.68	0.04	0.00009588
912.72	0.04	0.00002480
912.76	0.04	0.00019579
912.80	0.04	-0.00006799
912.84	0.04	0.00004924
912.88	0.04	0.00035724
912.92	0.04	0.00002029
912.96	0.04	-0.00011887
913.00	0.04	-0.00009774
913.04	0.04	0.00021784
913.08	0.04	0.00013025
913.12	0.04	-0.00012538
913.16	0.04	-0.00010329
913.20	0.04	-0.00019476
913.24	0.04	-0.00008935
913.28	0.04	-0.00008127
913.32	0.04	-0.00022366
913.36	0.04	-0.00012250
913.40	0.04	-0.00007000
913.44	0.04	-0.00015278
913.48	0.04	-0.00012142
913.52	0.04	-0.00007807
913.56	0.04	-0.00009677
913.60	0.04	-0.00018063
913.64	0.04	-0.00008634
913.68	0.04	-0.00035568
913.72	0.04	-0.00027129
913.76	0.04	-0.00016675
913.80	0.04	-0.00038888
913.84	0.04	-0.00019816
913.88	0.04	-0.00019803
913.92	0.04	-0.00028296
913.96	0.04	-0.00019820
914.00	0.04	-0.00013388
914.04	0.04	-0.00013678
914.08	0.04	-0.00011961
914.12	0.04	0.00003766
914.16	0.04	-0.00014841
914.20	0.04	-0.00023169
914.24	0.04	-0.00024232
914.28	0.04	-0.00024628
914.32	0.04	-0.00008545
914.36	0.04	-0.00039340
914.40	0.04	-0.00028151
914.44	0.04	-0.00028054
914.48	0.04	-0.00032716
914.52	0.04	-0.00021366
914.56	0.04	-0.00016387
914.60	0.04	-0.00004912
914.64	0.04	-0.00028102
914.68	0.04	-0.00034396
914.72	0.04	-0.00014049
914.76	0.04	-0.00024982
914.80	0.04	-0.00022575
914.84	0.04	-0.00022783
914.88	0.04	-0.00021733
914.92	0.04	-0.00009267
914.96	0.04	-0.00037876
915.00	0.04	-0.00014664
915.04	0.04	-0.00028573
915.08	0.04	-0.00015929
915.12	0.04	-0.00038930
915.16	0.04	-0.00031462
915.20	0.04	-0.00008867
915.24	0.04	-0.00039747
915.28	0.04	-0.00041326
915.32	0.04	-0.00056114
915.36	0.04	-0.00005573
915.40	0.04	-0.00038426
915.44	0.04	-0.00054267
915.48	0.04	-0.00037669
915.52	0.04	-0.00035965
915.56	0.04	-0.00042482
915.60	0.04	-0.00001426
915.64	0.04	-0.00024853
915.68	0.04	-0.00013401
915.72	0.04	-0.00035583
915.76	0.04	-0.00043040
915.80	0.04	-0.00024177
915.84	0.04	-0.00044059
915.88	0.04	-0.00006391
915.92	0.04	-0.00012593
915.96	0.04	-0.00040384
916.00	0.04	-0.00011516
916.04	0.04	-0.00017237
916.08	0.04	-0.00001525
916.12	0.04	-0.00009129
916.16	0.04	-0.00009191
916.20	0.04	-0.00011677
916.24	0.04	-0.00009098
916.28	0.04	-0.00018312
916.32	0.04	-0.00007777
916.36	0.04	-0.00007253
916.40	0.04	-0.00010263
916.44	0.04	-0.00013822
916.48	0.04	-0.00017997
916.52	0.04	-0.00010786
916.56	0.04	-0.00002162
916.60	0.04	-0.00015248
916.64	0.04	-0.00026650
916.68	0.04	-0.00008010
916.72	0.04	-0.00048908
916.76	0.04	0.00028466
916.80	0.04	-0.00004347
916.84	0.04	-0.00005803
916.88	0.04	0.00002190
916.92	0.04	0.00005214
916.96	0.04	0.00025302
917.00	0.04	0.00002516
917.04	0.04	-0.00022838
917.08	0.04	0.00026031
917.12	0.04	-0.00009874
917.16	0.04	0.00001833
917.20	0.04	-0.00018191
917.24	0.04	-0.00001776
917.28	0.04	-0.00007654
917.32	0.04	-0.00010769
917.36	0.04	-0.00003580
917.40	0.04	-0.00021613
917.44	0.04	-0.00016769
917.48	0.04	0.00001178
917.52	0.04	0.00026666
917.56	0.04	0.00002260
917.60	0.04	-0.00021339
917.64	0.04	-0.00009072
917.68	0.04	0.00006847
917.72	0.04	0.00011549
917.76	0.04	0.00004219
917.80	0.04	0.00039014
917.84	0.04	0.00005588
917.88	0.04	0.00000853
917.92	0.04	0.00040638
917.96	0.04	-0.00004760
918.00	0.04	0.00017651
918.04	0.04	0.00004371
918.08	0.04	-0.00003699
918.12	0.04	-0.00017550
918.16	0.04	0.00043299
918.20	0.04	-0.00002122
918.24	0.04	-0.00001882
918.28	0.04	-0.00006495
918.32	0.04	-0.00002319
918.36	0.04	-0.00026738
918.40	0.04	-0.00009544
918.44	0.04	0.00009686
918.48	0.04	-0.00025340
918.52	0.04	0.00025639
918.56	0.04	-0.00029691
918.60	0.04	0.00026266
918.64	0.04	0.00007564
918.68	0.04	-0.00003203
918.72	0.04	-0.00015199
918.76	0.04	-0.00018107
918.80	0.04	-0.00016294
918.84	0.04	-0.00000316
918.88	0.04	0.00010504
918.92	0.04	-0.00011922
918.96	0.04	0.00007140
919.00	0.04	0.00019412
919.04	0.04	-0.00003268
919.08	0.04	0.00001924
919.12	0.04	0.00040228
919.16	0.04	-0.00024192
919.20	0.04	0.00004854
919.24	0.04	-0.00003237
919.28	0.04	-0.00002262
919.32	0.04	0.00056759
919.36	0.04	-0.00003258
919.40	0.04	0.00005913
919.44	0.04	-0.00040510
919.48	0.04	-0.00039243
919.52	0.04	0.00001836
919.56	0.04	-0.00004756
919.60	0.04	0.00008666
919.64	0.04	-0.00014958
919.68	0.04	0.00002838
919.72	0.04	-0.00005759
919.76	0.04	-0.00000178
919.80	0.04	0.00040373
919.84	0.04	0.00032921
919.88	0.04	-0.00045468
919.92	0.04	0.00010291
919.96	0.04	0.00021652
920.00	0.04	0.00064902
920.04	0.04	0.00015395
920.08	0.04	-0.00013846
920.12	0.04	0.00022266
920.16	0.04	0.00023963
920.20	0.04	-0.00063651
920.24	0.04	-0.00044261
920.28	0.04	0.00029825
920.32	0.04	-0.00007219
920.36	0.04	-0.00006726
920.40	0.04	0.00017458
920.44	0.04	-0.00001072
920.48	0.04	-0.00002544
920.52	0.04	0.00004722
920.56	0.04	-0.00003460
920.60	0.04	-0.00011750
920.64	0.04	-0.00015979
920.68	0.04	-0.00009524
920.72	0.04	-0.00006767
920.76	0.04	0.00025886
920.80	0.04	0.00024569
920.84	0.04	0.00013739
920.88	0.04	0.00017832
920.92	0.04	0.00014453
920.96	0.04	0.00049401
921.00	0.04	0.00035865
921.04	0.04	-0.00002937
921.08	0.04	0.00013459
921.12	0.04	0.00021842
921.16	0.04	0.00012765
921.20	0.04	0.00012420
921.24	0.04	0.00012690
921.28	0.04	0.00018386
921.32	0.04	0.00019300
921.36	0.04	0.00022528
921.40	0.04	-0.00002477
921.44	0.04	0.00009496
921.48	0.04	-0.00015824
921.52	0.04	-0.00030794
921.56	0.04	0.00000249
921.60	0.04	-0.00022065
921.64	0.04	0.00005887
921.68	0.04	0.00027198
921.72	0.04	0.00026248
921.76	0.04	0.00022357
921.80	0.04	0.00029659
921.84	0.04	0.00012039
921.88	0.04	0.00016293
921.92	0.04	-0.00026048
921.96	0.04	0.00026630
922.00	0.04	0.00012196
922.04	0.04	-0.00024582
922.08	0.04	-0.00023734
922.12	0.04	-0.00019839
922.16	0.04	-0.00010678
922.20	0.04	0.00002362
922.24	0.04	-0.00010809
922.28	0.04	0.00016430
922.32	0.04	0.00010124
922.36	0.04	0.00029949
922.40	0.04	-0.00018412
922.44	0.04	-0.00041677
922.48	0.04	-0.00021349
922.52	0.04	-0.00029425
922.56	0.04	-0.00012412
922.60	0.04	0.00010014
922.64	0.04	-0.00021942
922.68	0.04	-0.00015251
922.72	0.04	-0.00018498
922.76	0.04	-0.00006860
922.80	0.04	-0.00034014
922.84	0.04	-0.00027443
922.88	0.04	-0.00028967
922.92	0.04	-0.00008683
922.96	0.04	0.00002544
923.00	0.04	-0.00041929
923.04	0.04	-0.00026875
923.08	0.04	-0.00040483
923.12	0.04	-0.00022148
923.16	0.04	-0.00006659
923.20	0.04	-0.00012296
923.24	0.04	-0.00003863
923.28	0.04	-0.00006317
923.32	0.04	-0.00031167
923.36	0.04	-0.00024364
923.40	0.04	0.00012234
923.44	0.04	-0.00002808
923.48	0.04	-0.00001883
923.52	0.04	-0.00019571
923.56	0.04	0.00014670
923.60	0.04	-0.00015170
923.64	0.04	-0.00028047
923.68	0.04	-0.00020957
923.72	0.04	-0.00021412
923.76	0.04	-0.00014975
923.80	0.04	-0.00019589
923.84	0.04	-0.00003164
923.88	0.04	-0.00017787
923.92	0.04	-0.00007444
923.96	0.04	-0.00014902
924.00	0.04	-0.00022343
924.04	0.04	-0.00014444
924.08	0.04	0.00016742
924.12	0.04	0.00009551
924.16	0.04	-0.00001065
924.20	0.04	-0.00003790
924.24	0.04	-0.00000551
924.28	0.04	-0.00006191
924.32	0.04	-0.00004071
924.36	0.04	-0.00003265
924.40	0.04	-0.00007484
924.44	0.04	-0.00012084
924.48	0.04	0.00016895
924.52	0.04	0.00011098
924.56	0.04	0.00011593
924.60	0.04	0.00021305
924.64	0.04	0.00020461
924.68	0.04	0.00011206
924.72	0.04	0.00023349
924.76	0.04	-0.00003371
924.80	0.04	0.00002193
924.84	0.04	0.00008544
924.88	0.04	-0.00005079
924.92	0.04	0.00011124
924.96	0.04	-0.00009019
925.00	0.04	-0.00022874
925.04	0.04	0.00017048
925.08	0.04	-0.00005946
925.12	0.04	-0.00011648
925.16	0.04	-0.00009514
925.20	0.04	0.00000268
925.24	0.04	0.00004857
925.28	0.04	0.00002158
925.32	0.04	-0.00005325
925.36	0.04	-0.00020156
925.40	0.04	-0.00018067
925.44	0.04	-0.00001734
925.48	0.04	-0.00002280
925.52	0.04	-0.00007956
925.56	0.04	0.00006291
925.60	0.04	0.00027322
925.64	0.04	0.00002870
925.68	0.04	-0.00001815
925.72	0.04	0.00006162
925.76	0.04	-0.00052799
925.80	0.04	0.00045897
925.84	0.04	-0.00003070
925.88	0.04	-0.00003998
925.92	0.04	-0.00025110
925.96	0.04	-0.00006342
926.00	0.04	-0.00012633
926.04	0.04	0.00035308
926.08	0.04	0.00015198
926.12	0.04	0.00041083
926.16	0.04	0.00002998
926.20	0.04	0.00003833
926.24	0.04	0.00057455
926.28	0.04	0.00050759
926.32	0.04	-0.00017958
926.36	0.04	0.00001556
926.40	0.04	-0.00003524
926.44	0.04	-0.00005904
926.48	0.04	0.00043879
926.52	0.04	-0.00008250
926.56	0.04	0.00028002
926.60	0.04	0.00017760
926.64	0.04	-0.00005379
926.68	0.04	-0.00003762
926.72	0.04	0.00005160
926.76	0.04	0.00037509
926.80	0.04	-0.00002101
926.84	0.04	0.00005038
926.88	0.04	0.00010852
926.92	0.04	0.00008154
926.96	0.04	-0.00004102
927.00	0.04	0.00031211
927.04	0.04	0.00012162
927.08	0.04	0.00002549
927.12	0.04	-0.00013493
927.16	0.04	-0.00005410
927.20	0.04	0.00042608
927.24	0.04	0.00022108
927.28	0.04	0.00028974
927.32	0.04	0.00011091
927.36	0.04	0.00002565
927.40	0.04	-0.00003740
927.44	0.04	-0.00001613
927.48	0.04	0.00008920
927.52	0.04	-0.00010296
927.56	0.04	-0.00016946
927.60	0.04	-0.00013786
927.64	0.04	0.00011523
927.68	0.04	0.00026703
927.72	0.04	0.00003975
927.76	0.04	-0.00008378
927.80	0.04	0.00007694
927.84	0.04	-0.00001664
927.88	0.04	0.00018466
927.92	0.04	0.00006774
927.96	0.04	-0.00049360
928.00	0.04	-0.00007001
928.04	0.04	0.00005016
928.08	0.04	-0.00028015
928.12	0.04	-0.00016322
928.16	0.04	-0.00021429
928.20	0.04	-0.00019453
928.24	0.04	-0.00004422
928.28	0.04	0.00020393
928.32	0.04	-0.00045192
928.36	0.04	-0.00049490
928.40	0.04	-0.00005539
928.44	0.04	-0.00022929
928.48	0.04	-0.00035866
928.52	0.04	0.00010297
928.56	0.04	-0.00023309
928.60	0.04	0.00005299
928.64	0.04	-0.00062737
928.68	0.04	-0.00008027
928.72	0.04	-0.00021089
928.76	0.04	-0.00013488
928.80	0.04	-0.00042891
928.84	0.04	-0.00037693
928.88	0.04	-0.00031954
928.92	0.04	-0.00035705
928.96	0.04	-0.00026220
929.00	0.04	-0.00024321
929.04	0.04	-0.00042884
929.08	0.04	-0.00040964
929.12	0.04	-0.00095464
929.16	0.04	-0.00026760
929.20	0.04	-0.00022612
929.24	0.04	0.00010419
929.28	0.04	-0.00019973
929.32	0.04	0.00006341
929.36	0.04	-0.00008342
929.40	0.04	0.00014365
929.44	0.04	0.00041103
929.48	0.04	-0.00009685
929.52	0.04	-0.00006606
929.56	0.04	-0.00041479
929.60	0.04	-0.00018441
929.64	0.04	-0.00009307
929.68	0.04	-0.00017383
929.72	0.04	0.00007832
929.76	0.04	0.00017060
929.80	0.04	0.00019917
929.84	0.04	-0.00038180
929.88	0.04	0.00004702
929.92	0.04	-0.00033067
929.96	0.04	0.00011170
930.00	0.04	0.00025853
930.04	0.04	-0.00015025
930.08	0.04	0.00025693
930.12	0.04	-0.00018817
930.16	0.04	0.00009947
930.20	0.04	-0.00012733
930.24	0.04	-0.00017773
930.28	0.04	-0.00004158
930.32	0.04	-0.00011206
930.36	0.04	0.00031304
930.40	0.04	0.00037714
930.44	0.04	-0.00003206
930.48	0.04	-0.00005135
930.52	0.04	-0.00057878
930.56	0.04	-0.00024475
930.60	0.04	0.00004887
930.64	0.04	-0.00008771
930.68	0.04	-0.00003079
930.72	0.04	0.00017229
930.76	0.04	0.00004684
930.80	0.04	0.00028334
930.84	0.04	0.00013843
930.88	0.04	-0.00040451
930.92	0.04	-0.00000813
930.96	0.04	0.00006642
931.00	0.04	-0.00019696
931.04	0.04	0.00030574
931.08	0.04	-0.00035756
931.12	0.04	-0.00015475
931.16	0.04	0.00030987
931.20	0.04	-0.00013942
931.24	0.04	0.00014968
931.28	0.04	-0.00023741
931.32	0.04	-0.00008532
931.36	0.04	-0.00007335
931.40	0.04	0.00020926
931.44	0.04	-0.00000984
931.48	0.04	-0.00003083
931.52	0.04	-0.00048405
931.56	0.04	-0.00032137
931.60	0.04	0.00023424
931.64	0.04	-0.00008223
931.68	0.04	0.00004862
931.72	0.04	0.00016438
931.76	0.04	-0.00055305
931.80	0.04	0.00001618
931.84	0.04	0.00071686
931.88	0.04	0.00020168
931.92	0.04	-0.00008177
931.96	0.04	0.00021086
932.00	0.04	-0.00054381
932.04	0.04	-0.00031319
932.08	0.04	-0.00042691
932.12	0.04	-0.00013831
932.16	0.04	0.00007695
932.20	0.04	-0.00005235
932.24	0.04	-0.00019438
932.28	0.04	-0.00011221
932.32	0.04	-0.00001562
932.36	0.04	-0.00016095
932.40	0.04	0.00032349
932.44	0.04	-0.00110865
932.48	0.04	-0.00013453
932.52	0.04	0.00009410
932.56	0.04	-0.00016023
932.60	0.04	-0.00067176
932.64	0.04	0.00000321
932.68	0.04	0.00039140
932.72	0.04	-0.00010632
932.76	0.04	-0.00020295
932.80	0.04	-0.00006004
932.84	0.04	0.00011335
932.88	0.04	-0.00013254
932.92	0.04	-0.00083207
932.96	0.04	-0.00029082
933.00	0.04	-0.00020720
933.04	0.04	-0.00010618
933.08	0.04	0.00035599
933.12	0.04	-0.00020069
933.16	0.04	-0.00004115
933.20	0.04	-0.00019602
933.24	0.04	0.00014938
933.28	0.04	-0.00009136
933.32	0.04	-0.00041622
933.36	0.04	0.00006235
933.40	0.04	0.00007752
933.44	0.04	-0.00005448
933.48	0.04	0.00792372
933.52	0.04	0.00339720
933.56	0.04	0.00108448
933.60	0.04	0.00017299
933.64	0.04	0.00007432
933.68	0.04	0.00859213
933.72	0.04	0.00464022
933.76	0.04	0.00188342
933.80	0.04	0.00021731
933.84	0.04	0.00040323
933.88	0.04	-0.00022865
933.92	0.04	-0.00019454
933.96	0.04	-0.00031628
934.00	0.04	-0.00036681
934.04	0.04	-0.00043321
934.08	0.04	-0.00059417
934.12	0.04	-0.00019174
934.16	0.04	0.00005446
934.20	0.04	0.00066393
934.24	0.04	0.00303423
934.28	0.04	0.00173862
934.32	0.04	0.00036320
934.36	0.04	0.00001797
934.40	0.04	-0.00014710
934.44	0.04	0.00382845
934.48	0.04	0.00111400
934.52	0.04	0.00032019
934.56	0.04	0.00386565
934.60	0.04	0.00169325
934.64	0.04	0.00071652
934.68	0.04	0.00006892
934.72	0.04	-0.00030855
934.76	0.04	-0.00032408
934.80	0.04	-0.00086304
934.84	0.04	-0.00058111
934.88	0.04	0.00012498
934.92	0.04	-0.00012334
934.96	0.04	0.00005892
935.00	0.04	-0.00049807
935.04	0.04	0.00018423
935.08	0.04	-0.00048142
935.12	0.04	-0.00019200
935.16	0.04	-0.00003711
935.20	0.04	-0.00043438
935.24	0.04	-0.00022186
935.28	0.04	-0.00004413
935.32	0.04	0.00007658
935.36	0.04	-0.00031036
935.40	0.04	-0.00033946
935.44	0.04	-0.00010427
935.48	0.04	-0.00009870
935.52	0.04	0.00011672
935.56	0.04	-0.00016101
935.60	0.04	-0.00013601
935.64	0.04	-0.00004297
935.68	0.04	0.00010468
935.72	0.04	-0.00013449
935.76	0.04	0.00002432
935.80	0.04	-0.00011476
935.84	0.04	-0.00045985
935.88	0.04	0.00021957
935.92	0.04	0.00028689
935.96	0.04	0.00030892
936.00	0.04	0.00038889
936.04	0.04	-0.00025224
936.08	0.04	0.00000936
936.12	0.04	0.00008863
936.16	0.04	0.00033958
936.20	0.04	-0.00029905
936.24	0.04	-0.00000140
936.28	0.04	-0.00031141
936.32	0.04	0.00029849
936.36	0.04	-0.00001991
936.40	0.04	0.00005530
936.44	0.04	-0.00001418
936.48	0.04	-0.00014485
936.52	0.04	0.00024545
936.56	0.04	0.00006865
936.60	0.04	0.00035782
936.64	0.04	-0.00020103
936.68	0.04	0.00020387
936.72	0.04	-0.00018805
936.76	0.04	-0.00015223
936.80	0.04	-0.00028535
936.84	0.04	0.00000203
936.88	0.04	-0.00036501
936.92	0.04	-0.00061084
936.96	0.04	-0.00007912
937.00	0.04	-0.00010293
937.04	0.04	0.00000613
937.08	0.04	0.00010724
937.12	0.04	-0.00024512
937.16	0.04	-0.00012483
937.20	0.04	-0.00012723
937.24	0.04	0.00008980
937.28	0.04	0.00019861
937.32	0.04	-0.00014638
937.36	0.04	0.00007022
937.40	0.04	0.00028375
937.44	0.04	0.00033668
937.48	0.04	0.00007611
937.52	0.04	-0.00048242
937.56	0.04	0.00015887
937.60	0.04	-0.00025316
937.64	0.04	0.00008042
937.68	0.04	-0.00007603
937.72	0.04	-0.00006434
937.76	0.04	-0.00021335
937.80	0.04	-0.00017014
937.84	0.04	0.00073255
937.88	0.04	0.00144092
937.92	0.04	-0.00100183
937.96	0.04	0.00041209
938.00	0.04	-0.00031417
938.04	0.04	-0.00008184
938.08	0.04	-0.00006977
938.12	0.04	-0.00040212
938.16	0.04	-0.00004908
938.20	0.04	0.00005843
938.24	0.04	0.00035557
938.28	0.04	0.00008719
938.32	0.04	-0.00004045
938.36	0.04	0.00004360
938.40	0.04	0.00003187
938.44	0.04	-0.00003312
938.48	0.04	0.00009617
938.52	0.04	0.00001698
938.56	0.04	0.00005017
938.60	0.04	-0.00002628
938.64	0.04	-0.00009421
938.68	0.04	0.00002092
938.72	0.04	0.00011366
938.76	0.04	-0.00019376
938.80	0.04	-0.00013589
938.84	0.04	-0.00007690
938.88	0.04	0.00001853
938.92	0.04	0.00001395
938.96	0.04	0.00004877
939.00	0.04	-0.00010045
939.04	0.04	0.00007807
939.08	0.04	0.00020811
939.12	0.04	-0.00014064
939.16	0.04	0.00010741
939.20	0.04	-0.00006305
939.24	0.04	-0.00013478
939.28	0.04	0.00007593
939.32	0.04	-0.00036007
939.36	0.04	0.00004221
939.40	0.04	0.00019618
939.44	0.04	-0.00000391
939.48	0.04	-0.00006055
939.52	0.04	0.00004018
939.56	0.04	-0.00000274
939.60	0.04	-0.00010955
939.64	0.04	-0.00003254
939.68	0.04	0.00043775
939.72	0.04	0.00048932
939.76	0.04	-0.00029362
939.80	0.04	-0.00012409
939.84	0.04	0.00003716
939.88	0.04	-0.00010326
939.92	0.04	-0.00002895
939.96	0.04	0.00019208
940.00	0.04	0.00011137
940.04	0.04	-0.00015984
940.08	0.04	-0.00009195
940.12	0.04	0.00013621
940.16	0.04	-0.00017285
940.20	0.04	0.00010919
940.24	0.04	0.00039881
940.28	0.04	-0.00005688
940.32	0.04	0.00013752
940.36	0.04	-0.00016156
940.40	0.04	-0.00009937
940.44	0.04	-0.00006891
940.48	0.04	0.00012207
940.52	0.04	0.00015652
940.56	0.04	-0.00027249
940.60	0.04	0.00022646
940.64	0.04	-0.00046104
940.68	0.04	-0.00031889
940.72	0.04	-0.00015617
940.76	0.04	-0.00036887
940.80	0.04	-0.00013202
940.84	0.04	-0.00080387
940.88	0.04	-0.00043070
940.92	0.04	-0.00056388
940.96	0.04	0.00017012
941.00	0.04	-0.00025272
941.04	0.04	-0.00005813
941.08	0.04	0.00016432
941.12	0.04	0.00078967
941.16	0.04	0.00187881
941.20	0.04	0.00011041
941.24	0.04	-0.00006884
941.28	0.04	0.00004209
941.32	0.04	0.00004499
941.36	0.04	-0.00017070
941.40	0.04	-0.00013355
941.44	0.04	-0.00000141
941.48	0.04	0.00012113
941.52	0.04	-0.00024041
941.56	0.04	-0.00015673
941.60	0.04	0.00001563
941.64	0.04	-0.00014708
941.68	0.04	0.00027268
941.72	0.04	-0.00005909
941.76	0.04	0.00024200
941.80	0.04	-0.00028305
941.84	0.04	-0.00094875
941.88	0.04	0.00018697
941.92	0.04	0.00023777
941.96	0.04	-0.00010758
942.00	0.04	-0.00061389
942.04	0.04	0.00024130
942.08	0.04	-0.00254616
942.12	0.04	-0.00000243
942.16	0.04	-0.00009800
942.20	0.04	0.00021291
942.24	0.04	0.00025091
942.28	0.04	0.00059980
942.32	0.04	0.00016282
942.36	0.04	-0.00004910
942.40	0.04	-0.00018637
942.44	0.04	-0.00002183
942.48	0.04	-0.00002609
942.52	0.04	-0.00017541
942.56	0.04	0.00023967
942.60	0.04	-0.00002413
942.64	0.04	-0.00007292
942.68	0.04	-0.00012323
942.72	0.04	-0.00039279
942.76	0.04	0.00064945
942.80	0.04	0.00068150
942.84	0.04	-0.00013353
942.88	0.04	0.00021613
942.92	0.04	0.00003103
942.96	0.04	0.00029454
943.00	0.04	0.00006804
943.04	0.04	-0.00076757
943.08	0.04	-0.00019611
943.12	0.04	-0.00040940
943.16	0.04	-0.00006766
943.20	0.04	-0.00000029
943.24	0.04	-0.00017791
943.28	0.04	-0.00006130
943.32	0.04	0.00004967
943.36	0.04	-0.00032517
943.40	0.04	-0.00017618
943.44	0.04	-0.00007429
943.48	0.04	0.00019899
943.52	0.04	0.00006985
943.56	0.04	-0.00008416
943.60	0.04	-0.00005663
943.64	0.04	0.00004742
943.68	0.04	0.00068274
943.72	0.04	0.00103891
943.76	0.04	-0.00014466
943.80	0.04	-0.00030922
943.84	0.04	-0.00033656
943.88	0.04	-0.00001512
943.92	0.04	-0.00100169
943.96	0.04	0.00096092
944.00	0.04	-0.00040638
944.04	0.04	0.00001114
944.08	0.04	-0.00002690
944.12	0.04	0.00005744
944.16	0.04	0.00010568
944.20	0.04	-0.00021516
944.24	0.04	-0.00016545
944.28	0.04	-0.00013265
944.32	0.04	-0.00001941
944.36	0.04	-0.00011800
944.40	0.04	-0.00006344
944.44	0.04	-0.00004605
944.48	0.04	-0.00068172
944.52	0.04	-0.00118378
944.56	0.04	0.00083202
944.60	0.04	0.00022966
944.64	0.04	-0.00026033
944.68	0.04	-0.00127216
944.72	0.04	-0.00036161
944.76	0.04	-0.00150552
944.80	0.04	-0.00036533
944.84	0.04	-0.00016122
944.88	0.04	-0.00003774
944.92	0.04	-0.00028210
944.96	0.04	0.00028990
945.00	0.04	-0.00013662
945.04	0.04	-0.00005095
945.08	0.04	0.00000222
945.12	0.04	0.00000754
945.16	0.04	0.00002563
945.20	0.04	-0.00004026
945.24	0.04	0.00020187
945.28	0.04	-0.00009749
945.32	0.04	0.00017893
945.36	0.04	-0.00012409
945.40	0.04	-0.00000535
945.44	0.04	0.00025559
945.48	0.04	-0.00014661
945.52	0.04	-0.00007553
945.56	0.04	0.00013270
945.60	0.04	0.00064201
945.64	0.04	0.00033053
945.68	0.04	-0.00040955
945.72	0.04	0.00027468
945.76	0.04	-0.00083114
945.80	0.04	-0.00085972
945.84	0.04	-0.00021193
945.88	0.04	-0.00074497
945.92	0.04	-0.00058784
945.96	0.04	-0.00009597
946.00	0.04	0.00003964
946.04	0.04	-0.00037714
946.08	0.04	0.00045038
946.12	0.04	0.00002717
946.16	0.04	0.00068307
946.20	0.04	-0.00038009
946.24	0.04	0.00123421
946.28	0.04	-0.00083057
946.32	0.04	-0.00018949
946.36	0.04	0.00009814
946.40	0.04	-0.00029178
946.44	0.04	-0.00012297
946.48	0.04	-0.00000959
946.52	0.04	0.00006064
946.56	0.04	-0.00030327
946.60	0.04	0.00005551
946.64	0.04	0.00006556
946.68	0.04	0.00004755
946.72	0.04	0.00002454
946.76	0.04	0.00025919
946.80	0.04	-0.00048731
946.84	0.04	-0.00000194
946.88	0.04	0.00007416
946.92	0.04	-0.00014550
946.96	0.04	0.00018962
947.00	0.04	0.00000627
947.04	0.04	-0.00012508
947.08	0.04	0.00008104
947.12	0.04	-0.00008169
947.16	0.04	-0.00034223
947.20	0.04	-0.00008712
947.24	0.04	0.00002308
947.28	0.04	-0.00005954
947.32	0.04	-0.00016876
947.36	0.04	0.00012592
947.40	0.04	-0.00019308
947.44	0.04	0.00098432
947.48	0.04	0.00175375
947.52	0.04	-0.00021699
947.56	0.04	-0.00005246
947.60	0.04	-0.00002499
947.64	0.04	0.00005340
947.68	0.04	-0.00002838
947.72	0.04	-0.00002024
947.76	0.04	0.00000124
947.80	0.04	0.00025842
947.84	0.04	0.00152289
947.88	0.04	0.00184496
947.92	0.04	-0.00095126
947.96	0.04	-0.00026680
948.00	0.04	0.00014593
948.04	0.04	-0.00004673
948.08	0.04	-0.00014469
948.12	0.04	-0.00003207
948.16	0.04	0.00032291
948.20	0.04	-0.00044332
948.24	0.04	-0.00088144
948.28	0.04	-0.00028680
948.32	0.04	-0.00104873
948.36	0.04	-0.00002799
948.40	0.04	0.00017936
948.44	0.04	0.00004985
948.48	0.04	-0.00012481
948.52	0.04	0.00172203
948.56	0.04	0.00072205
948.60	0.04	0.00004010
948.64	0.04	-0.00000470
948.68	0.04	-0.00008180
948.72	0.04	-0.00049889
948.76	0.04	-0.00065395
948.80	0.04	0.00008553
948.84	0.04	0.00249121
948.88	0.04	0.00082225
948.92	0.04	0.00030717
948.96	0.04	0.00346384
949.00	0.04	0.01848335
949.04	0.04	0.03402476
949.08	0.04	0.01823269
949.12	0.04	0.00551734
949.16	0.04	0.00535206
949.20	0.04	0.00678606
949.24	0.04	0.01280718
949.28	0.04	0.00674651
949.32	0.04	0.00348424
949.36	0.04	0.00152770
949.40	0.04	0.00085018
949.44	0.04	-0.00003383
949.48	0.04	0.00006230
949.52	0.04	0.00042926
949.56	0.04	0.00013465
949.60	0.04	-0.00033734
949.64	0.04	-0.00014308
949.68	0.04	0.00028194
949.72	0.04	-0.00086659
949.76	0.04	-0.00033747
949.80	0.04	0.00001775
949.84	0.04	-0.00001884
949.88	0.04	-0.00000038
949.92	0.04	-0.00010379
949.96	0.04	-0.00005002
950.00	0.04	0.00009182
950.04	0.04	0.00009861
950.08	0.04	0.00003665
950.12	0.04	0.00022760
950.16	0.04	0.00004662
950.20	0.04	-0.00003789
950.24	0.04	0.00015426
950.28	0.04	0.00008500
950.32	0.04	-0.00021597
950.36	0.04	0.00035988
950.40	0.04	-0.00002744
950.44	0.04	0.00014816
950.48	0.04	0.00015416
950.52	0.04	-0.00001074
950.56	0.04	-0.00008961
950.60	0.04	0.00018945
950.64	0.04	0.00009378
950.68	0.04	-0.00011625
950.72	0.04	-0.00002200
950.76	0.04	-0.00013357
950.80	0.04	-0.00022553
950.84	0.04	0.00012383
950.88	0.04	0.00009043
950.92	0.04	-0.00034114
950.96	0.04	0.00002393
951.00	0.04	0.00032524
951.04	0.04	0.00053767
951.08	0.04	0.00022333
951.12	0.04	0.00039390
951.16	0.04	-0.00000105
951.20	0.04	0.00019977
951.24	0.04	0.00041826
951.28	0.04	0.00015218
951.32	0.04	0.00028811
951.36	0.04	0.00007112
951.40	0.04	-0.00030038
951.44	0.04	0.00010040
951.48	0.04	0.00000299
951.52	0.04	0.00032352
951.56	0.04	0.00058324
951.60	0.04	0.00006096
951.64	0.04	-0.00027155
951.68	0.04	-0.00002134
951.72	0.04	0.00019930
951.76	0.04	-0.00031109
951.80	0.04	-0.00023418
951.84	0.04	-0.00009248
951.88	0.04	0.00004661
951.92	0.04	0.00002333
951.96	0.04	-0.00007828
952.00	0.04	-0.00049720
952.04	0.04	-0.00033514
952.08	0.04	-0.00029790
952.12	0.04	-0.00000133
952.16	0.04	-0.00003345
952.20	0.04	0.00002444
952.24	0.04	0.00014146
952.28	0.04	-0.00020536
952.32	0.04	0.00002534
952.36	0.04	0.00017253
952.40	0.04	-0.00013168
952.44	0.04	0.00029203
952.48	0.04	-0.00003837
952.52	0.04	0.00003919
952.56	0.04	0.00017787
952.60	0.04	-0.00001163
952.64	0.04	-0.00005647
952.68	0.04	0.00003062
952.72	0.04	-0.00012623
952.76	0.04	0.00000655
952.80	0.04	-0.00006460
952.84	0.04	0.00016204
952.88	0.04	0.00017963
952.92	0.04	0.00070824
952.96	0.04	-0.00046746
953.00	0.04	-0.00042569
953.04	0.04	-0.00090486
953.08	0.04	-0.00034551
953.12	0.04	0.00051235
953.16	0.04	0.00011714
953.20	0.04	-0.00021806
953.24	0.04	-0.00051993
953.28	0.04	0.00003495
953.32	0.04	-0.00016068
953.36	0.04	-0.00002753
953.40	0.04	0.00009364
953.44	0.04	0.00005750
953.48	0.04	-0.00013512
953.52	0.04	-0.00025033
953.56	0.04	0.00007971
953.60	0.04	-0.00038199
953.64	0.04	0.00002061
953.68	0.04	-0.00006419
953.72	0.04	0.00021549
953.76	0.04	-0.00015499
953.80	0.04	0.00063961
953.84	0.04	0.00028464
953.88	0.04	0.00016000
953.92	0.04	0.00005949
953.96	0.04	-0.00013522
954.00	0.04	0.00043871
954.04	0.04	0.00016639
954.08	0.04	0.00003394
954.12	0.04	0.00003111
954.16	0.04	-0.00030797
954.20	0.04	0.00026926
954.24	0.04	0.00022941
954.28	0.04	0.00015228
954.32	0.04	0.00031461
954.36	0.04	0.00028542
954.40	0.04	-0.00028248
954.44	0.04	0.00012048
954.48	0.04	0.00000046
954.52	0.04	0.00004404
954.56	0.04	-0.00020860
954.60	0.04	-0.00000619
954.64	0.04	-0.00034367
954.68	0.04	-0.00035682
954.72	0.04	-0.00040429
954.76	0.04	0.00014563
954.80	0.04	0.00058567
954.84	0.04	-0.00001695
954.88	0.04	0.00012644
954.92	0.04	0.00009116
954.96	0.04	0.00021464
955.00	0.04	-0.00000554
955.04	0.04	0.00025494
955.08	0.04	0.00007843
955.12	0.04	-0.00015033
955.16	0.04	0.00001986
955.20	0.04	0.00005053
955.24	0.04	-0.00003704
955.28	0.04	-0.00006627
955.32	0.04	-0.00021204
955.36	0.04	0.00016219
955.40	0.04	0.00023420
955.44	0.04	-0.00002959
955.48	0.04	-0.00000945
955.52	0.04	0.00024318
955.56	0.04	0.00023017
955.60	0.04	-0.00004593
955.64	0.04	-0.00006415
955.68	0.04	-0.00008191
955.72	0.04	0.00010988
955.76	0.04	0.00070734
955.80	0.04	0.00106081
955.84	0.04	0.00060796
955.88	0.04	-0.00016671
955.92	0.04	0.00002055
955.96	0.04	-0.00009508
956.00	0.04	-0.00000830
956.04	0.04	-0.00012448
956.08	0.04	-0.00055996
956.12	0.04	0.00007769
956.16	0.04	0.00012740
956.20	0.04	-0.00018924
956.24	0.04	-0.00039494
956.28	0.04	-0.00041012
956.32	0.04	-0.00112807
956.36	0.04	-0.00004962
956.40	0.04	0.00023765
956.44	0.04	-0.00012831
956.48	0.04	-0.00014516
956.52	0.04	0.00000735
956.56	0.04	0.00005192
956.60	0.04	0.00016445
956.64	0.04	-0.00029207
956.68	0.04	-0.00004765
956.72	0.04	0.00013117
956.76	0.04	0.00007248
956.80	0.04	0.00026428
956.84	0.04	0.00025453
956.88	0.04	0.00046829
956.92	0.04	0.00016360
956.96	0.04	0.00005797
957.00	0.04	-0.00002656
957.04	0.04	-0.00003686
957.08	0.04	0.00010700
957.12	0.04	0.00002020
957.16	0.04	0.00004291
957.20	0.04	0.00006787
957.24	0.04	0.00003696
957.28	0.04	0.00001212
957.32	0.04	-0.00005298
957.36	0.04	-0.00006544
957.40	0.04	-0.00012004
957.44	0.04	-0.00013650
957.48	0.04	0.00009809
957.52	0.04	-0.00020631
957.56	0.04	0.00003722
957.60	0.04	0.00016416
957.64	0.04	0.00038797
957.68	0.04	-0.00006602
957.72	0.04	0.00000694
957.76	0.04	-0.00012751
957.80	0.04	0.00005575
957.84	0.04	-0.00006323
957.88	0.04	0.00003391
957.92	0.04	0.00023714
957.96	0.04	-0.00001086
958.00	0.04	0.00030464
958.04	0.04	0.00043338
958.08	0.04	0.00016789
958.12	0.04	0.00008442
958.16	0.04	0.00007963
958.20	0.04	-0.00000608
958.24	0.04	0.00002749
958.28	0.04	-0.00002445
958.32	0.04	0.00002605
958.36	0.04	0.00010626
958.40	0.04	0.00048632
958.44	0.04	-0.00000999
958.48	0.04	0.00048956
958.52	0.04	0.00053811
958.56	0.04	-0.00000805
958.60	0.04	0.00001452
958.64	0.04	-0.00000442
958.68	0.04	0.00004373
958.72	0.04	-0.00011347
958.76	0.04	-0.00016662
958.80	0.04	0.00043630
958.84	0.04	0.00056810
958.88	0.04	0.00036000
958.92	0.04	0.00015926
958.96	0.04	0.00047017
959.00	0.04	-0.00078585
959.04	0.04	-0.00092782
959.08	0.04	-0.00087252
959.12	0.04	-0.00023053
959.16	0.04	0.00009836
959.20	0.04	-0.00087394
959.24	0.04	0.00014267
959.28	0.04	-0.00091265
959.32	0.04	0.00006618
959.36	0.04	0.00070784
959.40	0.04	0.00005931
959.44	0.04	0.00026136
959.48	0.04	0.00013861
959.52	0.04	0.00019462
959.56	0.04	0.00033224
959.60	0.04	0.00001625
959.64	0.04	0.00012985
959.68	0.04	0.00040561
959.72	0.04	-0.00000086
959.76	0.04	0.00027624
959.80	0.04	-0.00007531
959.84	0.04	0.00030072
959.88	0.04	-0.00012910
959.92	0.04	-0.00013870
959.96	0.04	-0.00033198
960.00	0.04	0.00016389
960.04	0.04	0.00041765
960.08	0.04	0.00013477
960.12	0.04	-0.00000595
960.16	0.04	0.00000503
960.20	0.04	0.00026429
960.24	0.04	0.00065652
960.28	0.04	-0.00016783
960.32	0.04	-0.00001064
960.36	0.04	0.00023781
960.40	0.04	0.00007865
960.44	0.04	-0.00006139
960.48	0.04	-0.00028368
960.52	0.04	0.00003315
960.56	0.04	-0.00003049
960.60	0.04	-0.00097792
960.64	0.04	-0.00081162
960.68	0.04	0.00001168
960.72	0.04	0.00000184
960.76	0.04	0.00016131
960.80	0.04	0.00022917
960.84	0.04	0.00004775
960.88	0.04	0.00008281
960.92	0.04	0.00035244
960.96	0.04	0.00038726
961.00	0.04	0.00010549
961.04	0.04	-0.00004784
961.08	0.04	-0.00004699
961.12	0.04	-0.00005824
961.16	0.04	-0.00003641
961.20	0.04	0.00003896
961.24	0.04	0.00010338
961.28	0.04	0.00011506
961.32	0.04	0.00026935
961.36	0.04	0.00006650
961.40	0.04	-0.00006017
961.44	0.04	0.00004790
961.48	0.04	0.00011608
961.52	0.04	0.00003483
961.56	0.04	-0.00000564
961.60	0.04	-0.00015684
961.64	0.04	0.00005019
961.68	0.04	0.00003444
961.72	0.04	0.00021414
961.76	0.04	0.00008810
961.80	0.04	0.00005895
961.84	0.04	-0.00008232
961.88	0.04	-0.00009249
961.92	0.04	0.00008620
961.96	0.04	-0.00002713
962.00	0.04	-0.00029330
962.04	0.04	-0.00005564
962.08	0.04	0.00003586
962.12	0.04	-0.00015226
962.16	0.04	-0.00003006
962.20	0.04	0.00025382
962.24	0.04	-0.00001476
962.28	0.04	-0.00000708
962.32	0.04	-0.00023462
962.36	0.04	0.00005279
962.40	0.04	-0.00000766
962.44	0.04	-0.00015941
962.48	0.04	-0.00006400
962.52	0.04	0.00012251
962.56	0.04	0.00005725
962.60	0.04	-0.00047676
962.64	0.04	0.00009354
962.68	0.04	0.00016594
962.72	0.04	-0.00010198
962.76	0.04	0.00001478
962.80	0.04	-0.00016540
962.84	0.04	-0.00031561
962.88	0.04	0.00026255
962.92	0.04	0.00014308
962.96	0.04	-0.00010922
963.00	0.04	-0.00010091
963.04	0.04	-0.00008932
963.08	0.04	-0.00008658
963.12	0.04	0.00021936
963.16	0.04	0.00002239
963.20	0.04	0.00031938
963.24	0.04	0.00015485
963.28	0.04	0.00014778
963.32	0.04	0.00011604
963.36	0.04	-0.00002633
963.40	0.04	0.00013006
963.44	0.04	-0.00010461
963.48	0.04	0.00008472
963.52	0.04	0.00007376
963.56	0.04	-0.00005000
963.60	0.04	0.00007050
963.64	0.04	0.00022784
963.68	0.04	-0.00041122
963.72	0.04	0.00014287
963.76	0.04	-0.00007130
963.80	0.04	0.00003896
963.84	0.04	0.00001957
963.88	0.04	-0.00017801
963.92	0.04	-0.00004118
963.96	0.04	-0.00034427
964.00	0.04	-0.00066593
964.04	0.04	0.00018860
964.08	0.04	0.00039760
964.12	0.04	0.00002046
964.16	0.04	0.00000001
964.20	0.04	-0.00005783
964.24	0.04	-0.00005429
964.28	0.04	0.00000213
964.32	0.04	-0.00008393
964.36	0.04	0.00000280
964.40	0.04	0.00022770
964.44	0.04	0.00011497
964.48	0.04	0.00009409
964.52	0.04	-0.00010889
964.56	0.04	0.00005360
964.60	0.04	-0.00002418
964.64	0.04	0.00007774
964.68	0.04	-0.00000995
964.72	0.04	0.00021897
964.76	0.04	-0.00000855
964.80	0.04	-0.00013399
964.84	0.04	0.00018431
964.88	0.04	-0.00011674
964.92	0.04	0.00005021
964.96	0.04	-0.00009020
965.00	0.04	0.00001902
965.04	0.04	-0.00007361
965.08	0.04	-0.00021129
965.12	0.04	0.00001457
965.16	0.04	-0.00017723
965.20	0.04	0.00010509
965.24	0.04	-0.00002188
965.28	0.04	0.00001090
965.32	0.04	0.00007685
965.36	0.04	-0.00014949
965.40	0.04	0.00006746
965.44	0.04	0.00015730
965.48	0.04	0.00010266
965.52	0.04	0.00003477
965.56	0.04	0.00007076
965.60	0.04	0.00027532
965.64	0.04	0.00034041
965.68	0.04	0.00005537
965.72	0.04	0.00014116
965.76	0.04	0.00001065
965.80	0.04	0.00012581
965.84	0.04	-0.00005437
965.88	0.04	0.00018547
965.92	0.04	0.00005639
965.96	0.04	0.00015762
966.00	0.04	-0.00010397
966.04	0.04	0.00021699
966.08	0.04	0.00078054
966.12	0.04	0.00037488
966.16	0.04	0.00090273
966.20	0.04	-0.00023743
966.24	0.04	0.00004273
966.28	0.04	0.00027395
966.32	0.04	0.00037723
966.36	0.04	0.00037463
966.40	0.04	-0.00036633
966.44	0.04	-0.00026159
966.48	0.04	0.00043442
966.52	0.04	0.00073822
966.56	0.04	-0.00007237
966.60	0.04	-0.00015279
966.64	0.04	0.00029917
966.68	0.04	0.00006625
966.72	0.04	-0.00001428
966.76	0.04	0.00023533
966.80	0.04	-0.00004902
966.84	0.04	0.00005894
966.88	0.04	-0.00009868
966.92	0.04	0.00014464
966.96	0.04	0.00004795
967.00	0.04	0.00008976
967.04	0.04	0.00009145
967.08	0.04	-0.00011833
967.12	0.04	-0.00001343
967.16	0.04	-0.00009196
967.20	0.04	0.00013466
967.24	0.04	-0.00000634
967.28	0.04	0.00008503
967.32	0.04	-0.00002810
967.36	0.04	-0.00022331
967.40	0.04	0.00002850
967.44	0.04	0.00006292
967.48	0.04	0.00001066
967.52	0.04	0.00016858
967.56	0.04	0.00007027
967.60	0.04	0.00000076
967.64	0.04	0.00013933
967.68	0.04	0.00015454
967.72	0.04	0.00014563
967.76	0.04	0.00005614
967.80	0.04	-0.00000468
967.84	0.04	0.00021262
967.88	0.04	0.00002804
967.92	0.04	0.00007811
967.96	0.04	-0.00001870
968.00	0.04	0.00002528
968.04	0.04	0.00004172
968.08	0.04	-0.00001687
968.12	0.04	0.00011192
968.16	0.04	-0.00003722
968.20	0.04	0.00001816
968.24	0.04	-0.00003012
968.28	0.04	-0.00012009
968.32	0.04	-0.00000756
968.36	0.04	0.00017592
968.40	0.04	-0.00001460
968.44	0.04	0.00020459
968.48	0.04	-0.00010569
968.52	0.04	0.00006468
968.56	0.04	0.00003508
968.60	0.04	-0.00008219
968.64	0.04	-0.00008263
968.68	0.04	0.00008467
968.72	0.04	-0.00007440
968.76	0.04	0.00021981
968.80	0.04	0.00000254
968.84	0.04	0.00007662
968.88	0.04	0.00008503
968.92	0.04	-0.00015027
968.96	0.04	0.00016303
969.00	0.04	0.00003435
969.04	0.04	-0.00010134
969.08	0.04	-0.00000440
969.12	0.04	0.00024675
969.16	0.04	0.00015152
969.20	0.04	0.00020578
969.24	0.04	0.00052380
969.28	0.04	0.00042599
969.32	0.04	0.00011111
969.36	0.04	-0.00013524
969.40	0.04	-0.00013927
969.44	0.04	-0.00011689
969.48	0.04	-0.00000647
969.52	0.04	-0.00011798
969.56	0.04	-0.00007421
969.60	0.04	0.00009196
969.64	0.04	-0.00004789
969.68	0.04	0.00002563
969.72	0.04	-0.00001452
969.76	0.04	0.00036743
969.80	0.04	0.00004349
969.84	0.04	0.00028204
969.88	0.04	0.00014516
969.92	0.04	0.00011349
969.96	0.04	0.00005421
970.00	0.04	-0.00001489
970.04	0.04	-0.00002127
970.08	0.04	0.00046230
970.12	0.04	-0.00016775
970.16	0.04	-0.00013288
970.20	0.04	0.00014865
970.24	0.04	0.00026142
970.28	0.04	0.00057961
970.32	0.04	0.00052264
970.36	0.04	0.00057446
970.40	0.04	0.00117463
970.44	0.04	-0.00031760
970.48	0.04	0.00005404
970.52	0.04	0.00009396
970.56	0.04	0.00002007
970.60	0.04	-0.00000984
970.64	0.04	-0.00001460
970.68	0.04	0.00004468
970.72	0.04	-0.00000150
970.76	0.04	0.00010906
970.80	0.04	0.00009144
970.84	0.04	-0.00016286
970.88	0.04	0.00003951
970.92	0.04	-0.00013907
970.96	0.04	0.00000914
971.00	0.04	-0.00002575
971.04	0.04	0.00001631
971.08	0.04	-0.00005759
971.12	0.04	0.00015589
971.16	0.04	-0.00008500
971.20	0.04	-0.00009105
971.24	0.04	0.00006066
971.28	0.04	0.00014569
971.32	0.04	-0.00007173
971.36	0.04	-0.00015747
971.40	0.04	0.00001287
971.44	0.04	-0.00004136
971.48	0.04	-0.00006994
971.52	0.04	-0.00009866
971.56	0.04	-0.00009612
971.60	0.04	-0.00011224
971.64	0.04	-0.00008036
971.68	0.04	-0.00001260
971.72	0.04	0.00006222
971.76	0.04	0.00005768
971.80	0.04	-0.00013110
971.84	0.04	-0.00005037
971.88	0.04	0.00009100
971.92	0.04	0.00000663
971.96	0.04	-0.00007951
972.00	0.04	-0.00007290
972.04	0.04	-0.00011859
972.08	0.04	-0.00013071
972.12	0.04	-0.00007686
972.16	0.04	-0.00006229
972.20	0.04	-0.00007180
972.24	0.04	-0.00004756
972.28	0.04	-0.00007171
972.32	0.04	-0.00006280
972.36	0.04	-0.00005750
972.40	0.04	-0.00006839
972.44	0.04	-0.00009130
972.48	0.04	-0.00000983
972.52	0.04	-0.00005103
972.56	0.04	-0.00006076
972.60	0.04	-0.00012502
972.64	0.04	-0.00015792
972.68	0.04	-0.00006001
972.72	0.04	-0.00010320
972.76	0.04	0.00009608
972.80	0.04	-0.00003215
972.84	0.04	-0.00000516
972.88	0.04	-0.00012360
972.92	0.04	-0.00006448
972.96	0.04	-0.00009089
973.00	0.04	-0.00000313
973.04	0.04	-0.00002667
973.08	0.04	0.00000603
973.12	0.04	0.00002261
973.16	0.04	-0.00000900
973.20	0.04	0.00008716
973.24	0.04	-0.00020619
973.28	0.04	-0.00003469
973.32	0.04	0.00002654
973.36	0.04	-0.00004620
973.40	0.04	0.00000773
973.44	0.04	-0.00001862
973.48	0.04	-0.00001153
973.52	0.04	0.00000402
973.56	0.04	-0.00005761
973.60	0.04	-0.00007389
973.64	0.04	0.00008852
973.68	0.04	-0.00000035
973.72	0.04	-0.00003258
973.76	0.04	-0.00009475
973.80	0.04	-0.00008357
973.84	0.04	-0.00005702
973.88	0.04	-0.00019298
973.92	0.04	-0.00011976
973.96	0.04	-0.00015122
974.00	0.04	-0.00029247
974.04	0.04	-0.00013696
974.08	0.04	-0.00003293
974.12	0.04	0.00000937
974.16	0.04	-0.00014195
974.20	0.04	0.00018551
974.24	0.04	-0.00006922
974.28	0.04	-0.00011524
974.32	0.04	-0.00018504
974.36	0.04	-0.00005783
974.40	0.04	-0.00007259
974.44	0.04	-0.00009329
974.48	0.04	-0.00021382
974.52	0.04	-0.00020170
974.56	0.04	-0.00007390
974.60	0.04	0.00003435
974.64	0.04	-0.00008112
974.68	0.04	-0.00020674
974.72	0.04	-0.00014225
974.76	0.04	-0.00006775
974.80	0.04	-0.00009740
974.84	0.04	-0.00019382
974.88	0.04	-0.00005250
974.92	0.04	-0.00005610
974.96	0.04	-0.00002407
975.00	0.04	-0.00004489
975.04	0.04	-0.00012488
975.08	0.04	-0.00012644
975.12	0.04	-0.00023166
975.16	0.04	-0.00013257
975.20	0.04	-0.00007939
975.24	0.04	-0.00003953
975.28	0.04	-0.00026181
975.32	0.04	-0.00010455
975.36	0.04	-0.00011331
975.40	0.04	-0.00016380
975.44	0.04	0.00001412
975.48	0.04	-0.00001620
975.52	0.04	-0.00002548
975.56	0.04	-0.00018725
975.60	0.04	-0.00007729
975.64	0.04	-0.00001079
975.68	0.04	-0.00004088
975.72	0.04	-0.00004652
975.76	0.04	-0.00002653
975.80	0.04	0.00000543
975.84	0.04	0.00013943
975.88	0.04	-0.00002807
975.92	0.04	-0.00000812
975.96	0.04	0.00015153
976.00	0.04	0.00003152
976.04	0.04	0.00059820
976.08	0.04	-0.00053269
976.12	0.04	-0.00036879
976.16	0.04	0.00051278
976.20	0.04	0.00138523
976.24	0.04	0.00043800
976.28	0.04	0.00003458
976.32	0.04	0.00013435
976.36	0.04	-0.00008373
976.40	0.04	0.00009721
976.44	0.04	0.00042951
976.48	0.04	0.00042996
976.52	0.04	-0.00001828
976.56	0.04	0.00004066
976.60	0.04	0.00006305
976.64	0.04	-0.00002620
976.68	0.04	0.00008100
976.72	0.04	0.00011837
976.76	0.04	0.00012496
976.80	0.04	0.00007012
976.84	0.04	0.00002911
976.88	0.04	-0.00005585
976.92	0.04	-0.00002012
976.96	0.04	-0.00000482
977.00	0.04	-0.00000076
977.04	0.04	-0.00002081
977.08	0.04	0.00007895
977.12	0.04	-0.00005988
977.16	0.04	-0.00000743
977.20	0.04	-0.00012200
977.24	0.04	-0.00012935
977.28	0.04	0.00009016
977.32	0.04	-0.00000131
977.36	0.04	-0.00004509
977.40	0.04	-0.00007296
977.44	0.04	-0.00002355
977.48	0.04	-0.00001165
977.52	0.04	-0.00029800
977.56	0.04	0.00008896
977.60	0.04	0.00002678
977.64	0.04	-0.00001324
977.68	0.04	-0.00005491
977.72	0.04	-0.00017167
977.76	0.04	-0.00012067
977.80	0.04	0.00010869
977.84	0.04	0.00005543
977.88	0.04	-0.00009571
977.92	0.04	-0.00019489
977.96	0.04	0.00004239
978.00	0.04	-0.00007150
978.04	0.04	-0.00000400
978.08	0.04	0.00007256
978.12	0.04	0.00001398
978.16	0.04	-0.00004934
978.20	0.04	-0.00011938
978.24	0.04	-0.00017636
978.28	0.04	-0.00009876
978.32	0.04	-0.00022820
978.36	0.04	-0.00015742
978.40	0.04	0.00008757
978.44	0.04	-0.00002532
978.48	0.04	0.00001656
978.52	0.04	-0.00006112
978.56	0.04	-0.00011488
978.60	0.04	-0.00017760
978.64	0.04	-0.00007715
978.68	0.04	0.00028590
978.72	0.04	0.00007160
978.76	0.04	0.00006531
978.80	0.04	-0.00002137
978.84	0.04	-0.00005112
978.88	0.04	-0.00004065
978.92	0.04	-0.00023196
978.96	0.04	-0.00007593
979.00	0.04	0.00007103
979.04	0.04	-0.00003699
979.08	0.04	-0.00019735
979.12	0.04	-0.00012542
979.16	0.04	0.00050951
979.20	0.04	-0.00023686
979.24	0.04	0.00051989
979.28	0.04	0.00028085
979.32	0.04	-0.00048199
979.36	0.04	0.00002641
979.40	0.04	-0.00070245
979.44	0.04	-0.00001190
979.48	0.04	-0.00020624
979.52	0.04	-0.00006428
979.56	0.04	0.00037479
979.60	0.04	-0.00010415
979.64	0.04	0.00033135
979.68	0.04	-0.00038524
979.72	0.04	-0.00002704
979.76	0.04	-0.00001998
979.80	0.04	-0.00003796
979.84	0.04	0.00007075
979.88	0.04	-0.00005733
979.92	0.04	-0.00018718
979.96	0.04	0.00013892
980.00	0.04	0.00007200
980.04	0.04	-0.00005850
980.08	0.04	0.00000153
980.12	0.04	-0.00000234
980.16	0.04	0.00001070
980.20	0.04	0.00001172
980.24	0.04	-0.00001081
980.28	0.04	-0.00010340
980.32	0.04	-0.00005345
980.36	0.04	0.00001456
980.40	0.04	-0.00000235
980.44	0.04	-0.00003370
980.48	0.04	-0.00003788
980.52	0.04	-0.00000293
980.56	0.04	0.00000679
980.60	0.04	0.00002711
980.64	0.04	-0.00007572
980.68	0.04	0.00004487
980.72	0.04	0.00014113
980.76	0.04	0.00010955
980.80	0.04	0.00009061
980.84	0.04	-0.00003302
980.88	0.04	-0.00002955
980.92	0.04	-0.00001641
980.96	0.04	-0.00002667
981.00	0.04	0.00000438
981.04	0.04	-0.00010282
981.08	0.04	-0.00016701
981.12	0.04	-0.00010088
981.16	0.04	-0.00001006
981.20	0.04	-0.00000048
981.24	0.04	-0.00002391
981.28	0.04	0.00002388
981.32	0.04	-0.00002957
981.36	0.04	-0.00003379
981.40	0.04	-0.00009938
981.44	0.04	-0.00004383
981.48	0.04	-0.00011514
981.52	0.04	-0.00008459
981.56	0.04	0.00006036
981.60	0.04	0.00009275
981.64	0.04	-0.00006422
981.68	0.04	-0.00016806
981.72	0.04	-0.00000432
981.76	0.04	-0.00002718
981.80	0.04	-0.00001437
981.84	0.04	0.00010357
981.88	0.04	0.00004506
981.92	0.04	0.00008260
981.96	0.04	-0.00000729
982.00	0.04	-0.00007207
982.04	0.04	0.00001648
982.08	0.04	0.00002315
982.12	0.04	-0.00001938
982.16	0.04	0.00000955
982.20	0.04	0.00003223
982.24	0.04	0.00005943
982.28	0.04	-0.00000494
982.32	0.04	0.00019187
982.36	0.04	0.00033246
982.40	0.04	0.00006746
982.44	0.04	0.00004600
982.48	0.04	-0.00004356
982.52	0.04	-0.00001014
982.56	0.04	-0.00001454
982.60	0.04	-0.00007213
982.64	0.04	-0.00002544
982.68	0.04	0.00006034
982.72	0.04	-0.00091961
982.76	0.04	0.00000221
982.80	0.04	0.00009778
982.84	0.04	0.00016531
982.88	0.04	0.00009270
982.92	0.04	-0.00002930
982.96	0.04	0.00000205
983.00	0.04	0.00006432
983.04	0.04	0.00000364
983.08	0.04	0.00000446
983.12	0.04	-0.00000799
983.16	0.04	0.00001603
983.20	0.04	0.00000893
983.24	0.04	0.00001169
983.28	0.04	-0.00000304
983.32	0.04	-0.00000904
983.36	0.04	-0.00001984
983.40	0.04	-0.00000775
983.44	0.04	0.00000710
983.48	0.04	-0.00001103
983.52	0.04	-0.00000524
983.56	0.04	0.00002799
983.60	0.04	-0.00003377
983.64	0.04	-0.00000999
983.68	0.04	-0.00000410
983.72	0.04	0.00000960
983.76	0.04	0.00001506
983.80	0.04	-0.00002299
983.84	0.04	-0.00005661
983.88	0.04	-0.00001647
983.92	0.04	-0.00002037
983.96	0.04	0.00002190
984.00	0.04	0.00004846
984.04	0.04	-0.00000723
984.08	0.04	-0.00001709
984.12	0.04	-0.00004271
984.16	0.04	-0.00003796
984.20	0.04	-0.00005744
984.24	0.04	-0.00001569
984.28	0.04	0.00003471
984.32	0.04	0.00001335
984.36	0.04	0.00003021
984.40	0.04	-0.00001668
984.44	0.04	0.00002857
984.48	0.04	0.00006592
984.52	0.04	0.00002137
984.56	0.04	-0.00000043
984.60	0.04	-0.00000557
984.64	0.04	-0.00003394
984.68	0.04	-0.00000558
984.72	0.04	-0.00004695
984.76	0.04	-0.00000528
984.80	0.04	-0.00000589
984.84	0.04	-0.00000501
984.88	0.04	0.00000006
984.92	0.04	-0.00000966
984.96	0.04	-0.00004970
985.00	0.04	-0.00000614
985.04	0.04	-0.00002061
985.08	0.04	-0.00000432
985.12	0.04	-0.00008232
985.16	0.04	0.00000279
985.20	0.04	0.00000147
985.24	0.04	-0.00008620
985.28	0.04	-0.00005344
985.32	0.04	0.00000305
985.36	0.04	0.00000708
985.40	0.04	-0.00009366
985.44	0.04	-0.00002844
985.48	0.04	0.00002221
985.52	0.04	0.00005988
985.56	0.04	-0.00003267
985.60	0.04	-0.00005476
985.64	0.04	-0.00000987
985.68	0.04	0.00000022
985.72	0.04	-0.00003147
985.76	0.04	0.00002832
985.80	0.04	-0.00003281
985.84	0.04	0.00006579
985.88	0.04	-0.00001559
985.92	0.04	-0.00003305
985.96	0.04	0.00003005
986.00	0.04	-0.00002903
986.04	0.04	0.00002212
986.08	0.04	-0.00001100
986.12	0.04	-0.00008689
986.16	0.04	0.00000037
986.20	0.04	-0.00000211
986.24	0.04	0.00006126
986.28	0.04	0.00002693
986.32	0.04	-0.00001313
986.36	0.04	0.00006683
986.40	0.04	-0.00004702
986.44	0.04	0.00001496
986.48	0.04	0.00000820
986.52	0.04	0.00000443
986.56	0.04	-0.00001331
986.60	0.04	-0.00001392
986.64	0.04	0.00001365
986.68	0.04	0.00000046
986.72	0.04	-0.00000027
986.76	0.04	0.00000212
986.80	0.04	0.00002130
986.84	0.04	-0.00001702
986.88	0.04	-0.00000431
986.92	0.04	0.00001562
986.96	0.04	0.00001717
987.00	0.04	0.00001435
987.04	0.04	0.00003735
987.08	0.04	0.00001352
987.12	0.04	0.00002333
987.16	0.04	0.00009412
987.20	0.04	0.00003120
987.24	0.04	0.00011994
987.28	0.04	0.00002271
987.32	0.04	-0.00001063
987.36	0.04	0.00000009
987.40	0.04	-0.00000007
987.44	0.04	-0.00003296
987.48	0.04	0.00005554
987.52	0.04	0.00006323
987.56	0.04	0.00004889
987.60	0.04	-0.00003897
987.64	0.04	0.00003113
987.68	0.04	-0.00000581
987.72	0.04	-0.00001061
987.76	0.04	-0.00002730
987.80	0.04	0.00000662
987.84	0.04	-0.00003697
987.88	0.04	-0.00003320
987.92	0.04	-0.00001266
987.96	0.04	-0.00003343
988.00	0.04	-0.00001062
988.04	0.04	-0.00001015
988.08	0.04	-0.00001886
988.12	0.04	-0.00003225
988.16	0.04	-0.00001811
988.20	0.04	-0.00002500
988.24	0.04	-0.00002606
988.28	0.04	-0.00001926
988.32	0.04	0.00004052
988.36	0.04	0.00001076
988.40	0.04	-0.00003465
988.44	0.04	0.00001509
988.48	0.04	-0.00009404
988.52	0.04	-0.00004728
988.56	0.04	-0.00008932
988.60	0.04	-0.00000214
988.64	0.04	-0.00000404
988.68	0.04	-0.00004288
988.72	0.04	-0.00007765
988.76	0.04	-0.00005331
988.80	0.04	0.00000844
988.84	0.04	0.00006797
988.88	0.04	0.00004286
988.92	0.04	-0.00001300
988.96	0.04	-0.00006415
989.00	0.04	-0.00008640
989.04	0.04	0.00001550
989.08	0.04	-0.00003670
989.12	0.04	0.00002296
989.16	0.04	-0.00001254
989.20	0.04	-0.00003275
989.24	0.04	-0.00010904
989.28	0.04	-0.00011451
989.32	0.04	-0.00009252
989.36	0.04	-0.00011148
989.40	0.04	-0.00006569
989.44	0.04	-0.00021618
989.48	0.04	0.00000974
989.52	0.04	-0.00004128
989.56	0.04	-0.00005184
989.60	0.04	-0.00018666
989.64	0.04	-0.00029397
989.68	0.04	-0.00009187
989.72	0.04	-0.00002267
989.76	0.04	-0.00003277
989.80	0.04	-0.00004090
989.84	0.04	-0.00006022
989.88	0.04	0.00001478
989.92	0.04	0.00002555
989.96	0.04	-0.00010864
990.00	0.04	-0.00014824
990.04	0.04	-0.00009974
990.08	0.04	-0.00006984
990.12	0.04	-0.00000306
990.16	0.04	-0.00014190
990.20	0.04	-0.00014180
990.24	0.04	-0.00000664
990.28	0.04	-0.00007340
990.32	0.04	-0.00010429
990.36	0.04	-0.00008044
990.40	0.04	-0.00012673
990.44	0.04	-0.00012697
990.48	0.04	-0.00003569
990.52	0.04	-0.00006158
990.56	0.04	-0.00006026
990.60	0.04	-0.00013952
990.64	0.04	-0.00008622
990.68	0.04	-0.00019461
990.72	0.04	-0.00003660
990.76	0.04	-0.00007915
990.80	0.04	-0.00008524
990.84	0.04	-0.00015056
990.88	0.04	-0.00018115
990.92	0.04	-0.00003407
990.96	0.04	0.00003779
991.00	0.04	-0.00000589
991.04	0.04	-0.00014066
991.08	0.04	-0.00017009
991.12	0.04	-0.00006922
991.16	0.04	-0.00013531
991.20	0.04	0.00004433
991.24	0.04	-0.00006391
991.28	0.04	-0.00004831
991.32	0.04	-0.00008720
991.36	0.04	-0.00013500
991.40	0.04	-0.00014499
991.44	0.04	-0.00002584
991.48	0.04	0.00003816
991.52	0.04	-0.00005061
991.56	0.04	-0.00003074
991.60	0.04	-0.00005859
991.64	0.04	0.00000350
991.68	0.04	0.00001815
991.72	0.04	-0.00008426
991.76	0.04	-0.00003053
991.80	0.04	0.00005743
991.84	0.04	-0.00008779
991.88	0.04	-0.00000475
991.92	0.04	0.00001042
991.96	0.04	-0.00000991
992.00	0.04	0.00008270
992.04	0.04	-0.00003226
992.08	0.04	-0.00008948
992.12	0.04	-0.00005202
992.16	0.04	-0.00005011
992.20	0.04	-0.00025052
992.24	0.04	-0.00011784
992.28	0.04	0.00001574
992.32	0.04	-0.00000876
992.36	0.04	0.00009727
992.40	0.04	-0.00014411
992.44	0.04	-0.00018427
992.48	0.04	-0.00036628
992.52	0.04	-0.00028017
992.56	0.04	-0.00009237
992.60	0.04	-0.00000737
992.64	0.04	0.00004695
992.68	0.04	0.00003636
992.72	0.04	0.00001341
992.76	0.04	-0.00007890
992.80	0.04	-0.00010031
992.84	0.04	-0.00001860
992.88	0.04	0.00000206
992.92	0.04	-0.00003441
992.96	0.04	0.00006194
993.00	0.04	0.00003505
993.04	0.04	-0.00001457
993.08	0.04	-0.00002514
993.12	0.04	-0.00012811
993.16	0.04	-0.00002763
993.20	0.04	0.00001649
993.24	0.04	0.00003580
993.28	0.04	-0.00000537
993.32	0.04	-0.00008710
993.36	0.04	-0.00003256
993.40	0.04	-0.00001921
993.44	0.04	0.00004166
993.48	0.04	-0.00002872
993.52	0.04	-0.00023833
993.56	0.04	-0.00011552
993.60	0.04	-0.00025385
993.64	0.04	-0.00000086
993.68	0.04	-0.00019895
993.72	0.04	-0.00012225
993.76	0.04	-0.00013144
993.80	0.04	-0.00008016
993.84	0.04	0.00004527
993.88	0.04	-0.00000164
993.92	0.04	-0.00006761
993.96	0.04	-0.00001413
994.00	0.04	0.00000055
994.04	0.04	0.00001534
994.08	0.04	-0.00007392
994.12	0.04	-0.00007023
994.16	0.04	0.00049683
994.20	0.04	-0.00016878
994.24	0.04	-0.00001530
994.28	0.04	-0.00012359
994.32	0.04	-0.00002682
994.36	0.04	0.00004648
994.40	0.04	-0.00002350
994.44	0.04	-0.00006558
994.48	0.04	-0.00007149
994.52	0.04	-0.00003481
994.56	0.04	-0.00013958
994.60	0.04	-0.00016409
994.64	0.04	0.00001171
994.68	0.04	-0.00005839
994.72	0.04	-0.00008769
994.76	0.04	-0.00002197
994.80	0.04	0.00000981
994.84	0.04	-0.00011083
994.88	0.04	-0.00020335
994.92	0.04	-0.00010307
994.96	0.04	-0.00006597
995.00	0.04	-0.00011186
995.04	0.04	-0.00011569
995.08	0.04	-0.00013288
995.12	0.04	-0.00010852
995.16	0.04	-0.00008924
995.20	0.04	-0.00001493
995.24	0.04	-0.00065125
995.28	0.04	-0.00020976
995.32	0.04	-0.00017768
995.36	0.04	-0.00013807
995.40	0.04	-0.00016566
995.44	0.04	-0.00016975
995.48	0.04	-0.00018074
995.52	0.04	-0.00024167
995.56	0.04	-0.00020586
995.60	0.04	-0.00022647
995.64	0.04	-0.00014570
995.68	0.04	-0.00008833
995.72	0.04	-0.00019980
995.76	0.04	-0.00011628
995.80	0.04	-0.00010657
995.84	0.04	-0.00024768
995.88	0.04	-0.00041093
995.92	0.04	-0.00033386
995.96	0.04	-0.00029293
996.00	0.04	-0.00017970
996.04	0.04	-0.00016919
996.08	0.04	-0.00026780
996.12	0.04	-0.00012227
996.16	0.04	-0.00001129
996.20	0.04	-0.00012814
996.24	0.04	-0.00008862
996.28	0.04	-0.00015963
996.32	0.04	-0.00003553
996.36	0.04	0.00009482
996.40	0.04	-0.00007385
996.44	0.04	-0.00021630
996.48	0.04	-0.00022582
996.52	0.04	-0.00024754
996.56	0.04	-0.00010784
996.60	0.04	-0.00017045
996.64	0.04	-0.00021991
996.68	0.04	-0.00020618
996.72	0.04	-0.00012692
996.76	0.04	-0.00001403
996.80	0.04	-0.00010594
996.84	0.04	-0.00022463
996.88	0.04	0.00009007
996.92	0.04	-0.00011485
996.96	0.04	-0.00009917
997.00	0.04	0.00005236
997.04	0.04	0.00005618
997.08	0.04	-0.00016979
997.12	0.04	0.00001260
997.16	0.04	0.00009991
997.20	0.04	-0.00000126
997.24	0.04	-0.00009905
997.28	0.04	-0.00029351
997.32	0.04	-0.00015066
997.36	0.04	-0.00013819
997.40	0.04	-0.00023316
997.44	0.04	-0.00014675
997.48	0.04	-0.00034734
997.52	0.04	-0.00013471
997.56	0.04	-0.00014589
997.60	0.04	-0.00016259
997.64	0.04	-0.00006739
997.68	0.04	-0.00024019
997.72	0.04	-0.00000940
997.76	0.04	-0.00003251
997.80	0.04	-0.00018917
997.84	0.04	-0.00021394
997.88	0.04	-0.00023832
997.92	0.04	-0.00014196
997.96	0.04	0.00022688
998.00	0.04	0.00016968
998.04	0.04	0.00003476
998.08	0.04	-0.00009825
998.12	0.04	-0.00001208
998.16	0.04	-0.00001948
998.20	0.04	-0.00011696
998.24	0.04	-0.00026399
998.28	0.04	-0.00017354
998.32	0.04	-0.00000474
998.36	0.04	-0.00006641
998.40	0.04	-0.00012094
998.44	0.04	-0.00003325
998.48	0.04	-0.00004115
998.52	0.04	-0.00001834
998.56	0.04	0.00003898
998.60	0.04	0.00014218
998.64	0.04	-0.00016564
998.68	0.04	-0.00034776
998.72	0.04	-0.00008983
998.76	0.04	0.00004961
998.80	0.04	0.00004200
998.84	0.04	-0.00024861
998.88	0.04	-0.00039069
998.92	0.04	0.00019186
998.96	0.04	0.00002167
999.00	0.04	-0.00013084
999.04	0.04	-0.00029297
999.08	0.04	-0.00013992
999.12	0.04	-0.00012269
999.16	0.04	-0.00018885
999.20	0.04	-0.00013745
999.24	0.04	-0.00000089
999.28	0.04	0.00016199
999.32	0.04	0.00010934
999.36	0.04	-0.00002771
999.40	0.04	-0.00005160
999.44	0.04	-0.00025140
999.48	0.04	-0.00017644
999.52	0.04	-0.00019745
999.56	0.04	-0.00040188
999.60	0.04	-0.00048902
999.64	0.04	-0.00013261
999.68	0.04	-0.00017783
999.72	0.04	-0.00021582
999.76	0.04	-0.00031090
999.80	0.04	-0.00029919
999.84	0.04	-0.00023684
999.88	0.04	-0.00024331
999.92	0.04	-0.00027042
999.96	0.04	-0.00041688
1000.00	0.04	-0.00024474
1000.04	0.04	-0.00041561
1000.08	0.04	-0.00044199
1000.12	0.04	-0.00011660
1000.16	0.04	-0.00002664
1000.20	0.04	-0.00006276
1000.24	0.04	0.00025306
1000.28	0.04	-0.00034039
1000.32	0.04	-0.00039127
1000.36	0.04	-0.00026019
1000.40	0.04	-0.00011285
1000.44	0.04	-0.00003780
1000.48	0.04	-0.00014024
1000.52	0.04	-0.00000449
1000.56	0.04	-0.00002199
1000.60	0.04	-0.00000485
1000.64	0.04	0.00039240
1000.68	0.04	0.00073420
1000.72	0.04	0.00029187
1000.76	0.04	-0.00016568
1000.80	0.04	0.00003217
1000.84	0.04	-0.00010226
1000.88	0.04	-0.00001352
1000.92	0.04	-0.00022636
1000.96	0.04	-0.00008623
1001.00	0.04	-0.00002791
1001.04	0.04	-0.00004062
1001.08	0.04	-0.00024096
1001.12	0.04	-0.00031770
1001.16	0.04	-0.00030971
1001.20	0.04	-0.00057013
1001.24	0.04	-0.00047840
1001.28	0.04	-0.00036674
1001.32	0.04	-0.00082474
1001.36	0.04	-0.00032221
1001.40	0.04	-0.00031865
1001.44	0.04	-0.00036754
1001.48	0.04	-0.00017247
1001.52	0.04	-0.00024508
1001.56	0.04	-0.00010127
1001.60	0.04	-0.00022895
1001.64	0.04	0.00001566
1001.68	0.04	-0.00008580
1001.72	0.04	-0.00009689
1001.76	0.04	-0.00014272
1001.80	0.04	0.00002451
1001.84	0.04	-0.00006937
1001.88	0.04	0.00002302
1001.92	0.04	-0.00012051
1001.96	0.04	0.00004658
1002.00	0.04	-0.00002551
1002.04	0.04	-0.00021223
1002.08	0.04	0.00034925
1002.12	0.04	0.00060062
1002.16	0.04	0.00021307
1002.20	0.04	0.00021331
1002.24	0.04	-0.00007721
1002.28	0.04	0.00000498
1002.32	0.04	0.00010511
1002.36	0.04	-0.00029536
1002.40	0.04	-0.00011200
1002.44	0.04	0.00025355
1002.48	0.04	0.00037739
1002.52	0.04	0.00034483
1002.56	0.04	0.00013913
1002.60	0.04	-0.00008115
1002.64	0.04	0.00000812
1002.68	0.04	0.00007471
1002.72	0.04	0.00005708
1002.76	0.04	0.00021041
1002.80	0.04	0.00010368
1002.84	0.04	0.00029081
1002.88	0.04	0.00009230
1002.92	0.04	-0.00058013
1002.96	0.04	0.00023479
1003.00	0.04	-0.00010039
1003.04	0.04	0.00001784
1003.08	0.04	-0.00011159
1003.12	0.04	0.00005739
1003.16	0.04	-0.00005752
1003.20	0.04	0.00027092
1003.24	0.04	0.00029217
1003.28	0.04	0.00023561
1003.32	0.04	0.00027247
1003.36	0.04	-0.00001355
1003.40	0.04	0.00011431
1003.44	0.04	-0.00013417
1003.48	0.04	-0.00007226
1003.52	0.04	-0.00014218
1003.56	0.04	-0.00016738
1003.60	0.04	-0.00006260
1003.64	0.04	-0.00013702
1003.68	0.04	0.00012504
1003.72	0.04	0.00008237
1003.76	0.04	0.00004010
1003.80	0.04	0.00006786
1003.84	0.04	0.00031412
1003.88	0.04	0.00019384
1003.92	0.04	0.00001758
1003.96	0.04	-0.00026736
1004.00	0.04	-0.00026025
1004.04	0.04	0.00012162
1004.08	0.04	0.00017666
1004.12	0.04	-0.00006215
1004.16	0.04	-0.00005645
1004.20	0.04	-0.00041455
1004.24	0.04	-0.00045039
1004.28	0.04	-0.00013334
1004.32	0.04	-0.00002392
1004.36	0.04	-0.00005464
1004.40	0.04	-0.00044629
1004.44	0.04	-0.00029839
1004.48	0.04	-0.00015315
1004.52	0.04	-0.00023614
1004.56	0.04	0.00002763
1004.60	0.04	-0.00008285
1004.64	0.04	-0.00020813
1004.68	0.04	-0.00025632
1004.72	0.04	-0.00021510
1004.76	0.04	-0.00020453
1004.80	0.04	0.00000529
1004.84	0.04	-0.00008376
1004.88	0.04	-0.00004725
1004.92	0.04	-0.00004191
1004.96	0.04	-0.00022766
1005.00	0.04	-0.00020336
1005.04	0.04	-0.00017827
1005.08	0.04	-0.00016638
1005.12	0.04	-0.00012350
1005.16	0.04	-0.00009866
1005.20	0.04	-0.00015695
1005.24	0.04	-0.00012344
1005.28	0.04	0.00023045
1005.32	0.04	0.00040586
1005.36	0.04	0.00014222
1005.40	0.04	0.00000131
1005.44	0.04	0.00006895
1005.48	0.04	-0.00020428
1005.52	0.04	-0.00040408
1005.56	0.04	-0.00044915
1005.60	0.04	-0.00008780
1005.64	0.04	0.00008791
1005.68	0.04	-0.00003678
1005.72	0.04	0.00008619
1005.76	0.04	0.00004662
1005.80	0.04	0.00007383
1005.84	0.04	0.00005371
1005.88	0.04	-0.00004649
1005.92	0.04	-0.00036736
1005.96	0.04	-0.00005634
1006.00	0.04	-0.00009531
1006.04	0.04	0.00018286
1006.08	0.04	0.00006797
1006.12	0.04	-0.00009983
1006.16	0.04	-0.00040102
1006.20	0.04	-0.00019972
1006.24	0.04	-0.00004891
1006.28	0.04	-0.00001589
1006.32	0.04	0.00007643
1006.36	0.04	-0.00009578
1006.40	0.04	0.00043272
1006.44	0.04	0.00044651
1006.48	0.04	0.00029488
1006.52	0.04	0.00055064
1006.56	0.04	0.00006156
1006.60	0.04	-0.00004314
1006.64	0.04	0.00015801
1006.68	0.04	-0.00004014
1006.72	0.04	-0.00008288
1006.76	0.04	0.00003184
1006.80	0.04	0.00006966
1006.84	0.04	0.00024960
1006.88	0.04	-0.00017014
1006.92	0.04	-0.00006766
1006.96	0.04	-0.00001994
1007.00	0.04	-0.00000425
1007.04	0.04	0.00004693
1007.08	0.04	0.00004624
1007.12	0.04	-0.00000453
1007.16	0.04	-0.00018502
1007.20	0.04	-0.00001782
1007.24	0.04	-0.00030743
1007.28	0.04	0.00004434
1007.32	0.04	-0.00002005
1007.36	0.04	0.00019770
1007.40	0.04	0.00019120
1007.44	0.04	-0.00010823
1007.48	0.04	-0.00023112
1007.52	0.04	0.00007616
1007.56	0.04	-0.00054715
1007.60	0.04	-0.00031246
1007.64	0.04	-0.00001475
1007.68	0.04	0.00004000
1007.72	0.04	-0.00031082
1007.76	0.04	0.00080368
1007.80	0.04	-0.00079455
1007.84	0.04	0.00046646
1007.88	0.04	-0.00018558
1007.92	0.04	0.00000557
1007.96	0.04	-0.00000993
1008.00	0.04	-0.00003072
1008.04	0.04	-0.00011265
1008.08	0.04	-0.00011895
1008.12	0.04	-0.00015606
1008.16	0.04	-0.00004343
1008.20	0.04	0.00000426
1008.24	0.04	0.00002903
1008.28	0.04	0.00002218
1008.32	0.04	0.00002309
1008.36	0.04	-0.00002416
1008.40	0.04	0.00023590
1008.44	0.04	0.00000484
1008.48	0.04	0.00011675
1008.52	0.04	0.00004639
1008.56	0.04	0.00014950
1008.60	0.04	0.00028959
1008.64	0.04	0.00055862
1008.68	0.04	0.00010770
1008.72	0.04	0.00004268
1008.76	0.04	0.00001855
1008.80	0.04	-0.00017905
1008.84	0.04	0.00015223
1008.88	0.04	0.00029582
1008.92	0.04	0.00046365
1008.96	0.04	-0.00010736
1009.00	0.04	0.00069658
1009.04	0.04	-0.00023744
1009.08	0.04	0.00044785
1009.12	0.04	0.00043488
1009.16	0.04	0.00018428
1009.20	0.04	-0.00009886
1009.24	0.04	-0.00024135
1009.28	0.04	-0.00002142
1009.32	0.04	0.00024610
1009.36	0.04	-0.00015640
1009.40	0.04	0.00008115
1009.44	0.04	0.00006996
1009.48	0.04	-0.00004246
1009.52	0.04	-0.00001547
1009.56	0.04	0.00044252
1009.60	0.04	0.00050822
1009.64	0.04	0.00023969
1009.68	0.04	0.00073387
1009.72	0.04	0.00084479
1009.76	0.04	0.00053542
1009.80	0.04	0.00024733
1009.84	0.04	0.00038450
1009.88	0.04	0.00051930
1009.92	0.04	0.00010435
1009.96	0.04	-0.00020835
1010.00	0.04	0.00049329
1010.04	0.04	0.00044661
1010.08	0.04	-0.00009956
1010.12	0.04	-0.00027380
1010.16	0.04	0.00008488
1010.20	0.04	-0.00004088
1010.24	0.04	0.00012080
1010.28	0.04	-0.00024698
1010.32	0.04	-0.00003964
1010.36	0.04	0.00002316
1010.40	0.04	0.00013144
1010.44	0.04	0.00001992
1010.48	0.04	0.00004223
1010.52	0.04	-0.00001895
1010.56	0.04	-0.00002293
1010.60	0.04	0.00000145
1010.64	0.04	0.00001539
1010.68	0.04	-0.00018826
1010.72	0.04	-0.00006210
1010.76	0.04	-0.00010237
1010.80	0.04	0.00011659
1010.84	0.04	-0.00020037
1010.88	0.04	-0.00000817
1010.92	0.04	-0.00020682
1010.96	0.04	-0.00007572
1011.00	0.04	-0.00005417
1011.04	0.04	0.00003946
1011.08	0.04	-0.00023351
1011.12	0.04	-0.00004360
1011.16	0.04	0.00000005
1011.20	0.04	0.00006447
1011.24	0.04	0.00006899
1011.28	0.04	-0.00002919
1011.32	0.04	-0.00004546
1011.36	0.04	-0.00031109
1011.40	0.04	-0.00006226
1011.44	0.04	-0.00003192
1011.48	0.04	0.00000670
1011.52	0.04	-0.00011532
1011.56	0.04	-0.00000620
1011.60	0.04	0.00000152
1011.64	0.04	-0.00016907
1011.68	0.04	-0.00001768
1011.72	0.04	-0.00013483
1011.76	0.04	0.00007526
1011.80	0.04	-0.00017780
1011.84	0.04	0.00007454
1011.88	0.04	0.00006066
1011.92	0.04	0.00002018
1011.96	0.04	-0.00017098
1012.00	0.04	-0.00031819
1012.04	0.04	-0.00024676
1012.08	0.04	-0.00030920
1012.12	0.04	-0.00014920
1012.16	0.04	-0.00021793
1012.20	0.04	-0.00012142
1012.24	0.04	-0.00021484
1012.28	0.04	-0.00019233
1012.32	0.04	-0.00014069
1012.36	0.04	-0.00008913
1012.40	0.04	-0.00016567
1012.44	0.04	0.00003964
1012.48	0.04	-0.00019828
1012.52	0.04	-0.00015035
1012.56	0.04	-0.00018747
1012.60	0.04	-0.00022740
1012.64	0.04	-0.00017513
1012.68	0.04	-0.00004465
1012.72	0.04	-0.00007859
1012.76	0.04	-0.00016107
1012.80	0.04	-0.00011089
1012.84	0.04	-0.00013244
1012.88	0.04	-0.00028820
1012.92	0.04	-0.00007917
1012.96	0.04	0.00003915
1013.00	0.04	0.00016903
1013.04	0.04	0.00007469
1013.08	0.04	-0.00010802
1013.12	0.04	-0.00016557
1013.16	0.04	0.00000787
1013.20	0.04	-0.00009121
1013.24	0.04	-0.00019571
1013.28	0.04	-0.00021614
1013.32	0.04	-0.00014742
1013.36	0.04	-0.00004909
1013.40	0.04	0.00003682
1013.44	0.04	0.00002754
1013.48	0.04	0.00017989
1013.52	0.04	-0.00004298
1013.56	0.04	-0.00008532
1013.60	0.04	-0.00007710
1013.64	0.04	-0.00008038
1013.68	0.04	-0.00012715
1013.72	0.04	-0.00010107
1013.76	0.04	-0.00005657
1013.80	0.04	-0.00004521
1013.84	0.04	-0.00002360
1013.88	0.04	0.00010625
1013.92	0.04	-0.00006692
1013.96	0.04	-0.00003697
1014.00	0.04	0.00001036
1014.04	0.04	-0.00000802
1014.08	0.04	-0.00003750
1014.12	0.04	-0.00019683
1014.16	0.04	-0.00011116
1014.20	0.04	-0.00004167
1014.24	0.04	-0.00016175
1014.28	0.04	-0.00020911
1014.32	0.04	-0.00015417
1014.36	0.04	-0.00011972
1014.40	0.04	-0.00026591
1014.44	0.04	-0.00024216
1014.48	0.04	-0.00046201
1014.52	0.04	-0.00033811
1014.56	0.04	-0.00013607
1014.60	0.04	-0.00029906
1014.64	0.04	-0.00019427
1014.68	0.04	-0.00011795
1014.72	0.04	-0.00022956
1014.76	0.04	-0.00018312
1014.80	0.04	-0.00002516
1014.84	0.04	-0.00001225
1014.88	0.04	0.00014067
1014.92	0.04	0.00006660
1014.96	0.04	-0.00020600
1015.00	0.04	-0.00036323
1015.04	0.04	-0.00028437
1015.08	0.04	-0.00035919
1015.12	0.04	-0.00025190
1015.16	0.04	0.00001685
1015.20	0.04	0.00009168
1015.24	0.04	-0.00025965
1015.28	0.04	-0.00017702
1015.32	0.04	-0.00025331
1015.36	0.04	-0.00042273
1015.40	0.04	-0.00024238
1015.44	0.04	-0.00014732
1015.48	0.04	-0.00017692
1015.52	0.04	-0.00031444
1015.56	0.04	-0.00005303
1015.60	0.04	-0.00013965
1015.64	0.04	0.00013596
1015.68	0.04	-0.00002417
1015.72	0.04	-0.00013467
1015.76	0.04	-0.00004114
1015.80	0.04	-0.00050851
1015.84	0.04	-0.00014880
1015.88	0.04	-0.00043118
1015.92	0.04	-0.00010773
1015.96	0.04	0.00012990
1016.00	0.04	-0.00001037
1016.04	0.04	0.00000740
1016.08	0.04	-0.00002674
1016.12	0.04	-0.00009558
1016.16	0.04	0.00000094
1016.20	0.04	0.00031376
1016.24	0.04	0.00028569
1016.28	0.04	0.00083584
1016.32	0.04	0.00035183
1016.36	0.04	-0.00024857
1016.40	0.04	0.00000017
1016.44	0.04	0.00008576
1016.48	0.04	0.00000085
1016.52	0.04	-0.00003019
1016.56	0.04	-0.00004659
1016.60	0.04	-0.00011558
1016.64	0.04	-0.00042405
1016.68	0.04	-0.00000248
1016.72	0.04	-0.00016503
1016.76	0.04	-0.00021239
1016.80	0.04	-0.00029386
1016.84	0.04	-0.00033454
1016.88	0.04	-0.00017268
1016.92	0.04	0.00005541
1016.96	0.04	-0.00033328
1017.00	0.04	-0.00020458
1017.04	0.04	-0.00011457
1017.08	0.04	0.00001782
1017.12	0.04	0.00026073
1017.16	0.04	0.00009611
1017.20	0.04	-0.00019917
1017.24	0.04	-0.00042152
1017.28	0.04	-0.00007356
1017.32	0.04	-0.00007696
1017.36	0.04	0.00007110
1017.40	0.04	-0.00021775
1017.44	0.04	-0.00043441
1017.48	0.04	-0.00007976
1017.52	0.04	-0.00017262
1017.56	0.04	0.00021072
1017.60	0.04	0.00035526
1017.64	0.04	0.00057059
1017.68	0.04	-0.00010266
1017.72	0.04	-0.00000050
1017.76	0.04	0.00040827
1017.80	0.04	0.00095373
1017.84	0.04	0.00083972
1017.88	0.04	0.00038378
1017.92	0.04	-0.00014449
1017.96	0.04	0.00005572
1018.00	0.04	0.00052347
1018.04	0.04	0.00021147
1018.08	0.04	-0.00015367
1018.12	0.04	0.00046571
1018.16	0.04	0.00089369
1018.20	0.04	0.00111446
1018.24	0.04	0.00012952
1018.28	0.04	-0.00007863
1018.32	0.04	-0.00016974
1018.36	0.04	-0.00017017
1018.40	0.04	-0.00002113
1018.44	0.04	-0.00002434
1018.48	0.04	0.00008065
1018.52	0.04	0.00029279
1018.56	0.04	-0.00020178
1018.60	0.04	0.00008319
1018.64	0.04	0.00034746
1018.68	0.04	-0.00023807
1018.72	0.04	-0.00018088
1018.76	0.04	-0.00004573
1018.80	0.04	-0.00017434
1018.84	0.04	-0.00007821
1018.88	0.04	0.00024090
1018.92	0.04	0.00005194
1018.96	0.04	-0.00019825
1019.00	0.04	-0.00060145
1019.04	0.04	-0.00046157
1019.08	0.04	-0.00034683
1019.12	0.04	0.00037970
1019.16	0.04	0.00031295
1019.20	0.04	0.00004365
1019.24	0.04	-0.00017230
1019.28	0.04	-0.00030376
1019.32	0.04	-0.00054223
1019.36	0.04	-0.00036740
1019.40	0.04	0.00007980
1019.44	0.04	0.00022571
1019.48	0.04	0.00008000
1019.52	0.04	0.00015748
1019.56	0.04	-0.00002555
1019.60	0.04	-0.00020073
1019.64	0.04	-0.00016473
1019.68	0.04	0.00014544
1019.72	0.04	-0.00018574
1019.76	0.04	0.00007013
1019.80	0.04	-0.00000794
1019.84	0.04	0.00006170
1019.88	0.04	-0.00000744
1019.92	0.04	0.00008531
1019.96	0.04	0.00002470
1020.00	0.04	0.00005636
1020.04	0.04	0.00001799
1020.08	0.04	-0.00005759
1020.12	0.04	0.00016843
1020.16	0.04	0.00023748
1020.20	0.04	0.00013085
1020.24	0.04	-0.00016866
1020.28	0.04	-0.00001521
1020.32	0.04	-0.00006390
1020.36	0.04	-0.00010864
1020.40	0.04	-0.00003126
1020.44	0.04	0.00003721
1020.48	0.04	0.00022048
1020.52	0.04	0.00001828
1020.56	0.04	-0.00002357
1020.60	0.04	-0.00017827
1020.64	0.04	-0.00032217
1020.68	0.04	-0.00025764
1020.72	0.04	0.00008411
1020.76	0.04	-0.00030093
1020.80	0.04	-0.00009183
1020.84	0.04	-0.00008888
1020.88	0.04	-0.00002684
1020.92	0.04	0.00007964
1020.96	0.04	0.00010095
1021.00	0.04	-0.00000753
1021.04	0.04	0.00003305
1021.08	0.04	0.00013370
1021.12	0.04	0.00008303
1021.16	0.04	-0.00023992
1021.20	0.04	-0.00025514
1021.24	0.04	-0.00026242
1021.28	0.04	-0.00018656
1021.32	0.04	-0.00003642
1021.36	0.04	-0.00002359
1021.40	0.04	0.00006956
1021.44	0.04	-0.00000548
1021.48	0.04	0.00002796
1021.52	0.04	0.00002051
1021.56	0.04	0.00005187
1021.60	0.04	-0.00001438
1021.64	0.04	-0.00001538
1021.68	0.04	-0.00000772
1021.72	0.04	-0.00000196
1021.76	0.04	0.00004764
1021.80	0.04	0.00007399
1021.84	0.04	0.00008813
1021.88	0.04	0.00009574
1021.92	0.04	0.00006962
1021.96	0.04	-0.00000229
1022.00	0.04	-0.00004142
1022.04	0.04	-0.00004253
1022.08	0.04	0.00000345
1022.12	0.04	-0.00000911
1022.16	0.04	-0.00002653
1022.20	0.04	-0.00001144
1022.24	0.04	-0.00002097
1022.28	0.04	-0.00001822
1022.32	0.04	-0.00001486
1022.36	0.04	0.00003735
1022.40	0.04	0.00002403
1022.44	0.04	-0.00001158
1022.48	0.04	0.00003136
1022.52	0.04	0.00003921
1022.56	0.04	0.00001357
1022.60	0.04	0.00002771
1022.64	0.04	-0.00005226
1022.68	0.04	-0.00002757
1022.72	0.04	-0.00034085
1022.76	0.04	-0.00059512
1022.80	0.04	-0.00167918
1022.84	0.04	-0.00288428
1022.88	0.04	-0.00354324
1022.92	0.04	-0.00331308
1022.96	0.04	-0.00279773
1023.00	0.04	-0.00208981
1023.04	0.04	-0.00136973
1023.08	0.04	-0.00088575
1023.12	0.04	0.00007293
1023.16	0.04	0.00009732
1023.20	0.04	0.00006428
1023.24	0.04	-0.00020918
1023.28	0.04	-0.00049024
1023.32	0.04	-0.00002430
1023.36	0.04	-0.00010319
1023.40	0.04	-0.00125430
1023.44	0.04	-0.00161775
1023.48	0.04	-0.00098271
1023.52	0.04	0.00024572
1023.56	0.04	0.00058538
1023.60	0.04	0.00057704
1023.64	0.04	0.00067766
1023.68	0.04	0.00098028
1023.72	0.04	0.00047306
1023.76	0.04	0.00026360
1023.80	0.04	-0.00087601
1023.84	0.04	-0.00041560
1023.88	0.04	-0.00039686
1023.92	0.04	-0.00052126
1023.96	0.04	-0.00044495
1024.00	0.04	-0.00024893
1024.04	0.04	-0.00002194
1024.08	0.04	0.00005691
1024.12	0.04	0.00010593
1024.16	0.04	0.00007768
1024.20	0.04	-0.00004697
1024.24	0.04	-0.00019333
1024.28	0.04	-0.00025062
1024.32	0.04	-0.00018501
1024.36	0.04	0.00001079
1024.40	0.04	-0.00031448
1024.44	0.04	-0.00055599
1024.48	0.04	-0.00084571
1024.52	0.04	-0.00096603
1024.56	0.04	-0.00138938
1024.60	0.04	-0.00135805
1024.64	0.04	-0.00308103
1024.68	0.04	-0.00336148
1024.72	0.04	-0.00229075
1024.76	0.04	-0.00255294
1024.80	0.04	-0.00130207
1024.84	0.04	-0.00104159
1024.88	0.04	-0.00054904
1024.92	0.04	-0.00050395
1024.96	0.04	-0.00201711
1025.00	0.04	-0.00103732
1025.04	0.04	0.00020812
1025.08	0.04	0.00027264
1025.12	0.04	-0.00154396
1025.16	0.04	0.00127672
1025.20	0.04	0.00114690
1025.24	0.04	-0.00057085
1025.28	0.04	0.00012033
1025.32	0.04	-0.00348931
1025.36	0.04	-0.00109742
1025.40	0.04	-0.00203429
1025.44	0.04	-0.00236483
1025.48	0.04	0.00067263
1025.52	0.04	0.00125815
1025.56	0.04	0.00146813
1025.60	0.04	0.00105647
1025.64	0.04	0.00116313
1025.68	0.04	0.00284414
1025.72	0.04	0.00304099
1025.76	0.04	0.00292888
1025.80	0.04	0.00242573
1025.84	0.04	-0.00032488
1025.88	0.04	0.00026709
1025.92	0.04	0.00155591
1025.96	0.04	-0.00117467
1026.00	0.04	-0.00050811
1026.04	0.04	0.00040337
1026.08	0.04	-0.00224793
1026.12	0.04	-0.00635134
1026.16	0.04	-0.00455142
1026.20	0.04	-0.00266851
1026.24	0.04	-0.00072376
1026.28	0.04	-0.00136506
1026.32	0.04	-0.00126864
1026.36	0.04	-0.00250894
1026.40	0.04	-0.00027792
1026.44	0.04	-0.00011671
1026.48	0.04	0.00168361
1026.52	0.04	0.00098440
1026.56	0.04	0.00208844
1026.60	0.04	0.00259258
1026.64	0.04	-0.00049707
1026.68	0.04	0.00051492
1026.72	0.04	0.00042701
1026.76	0.04	0.00574764
1026.80	0.04	0.00393046
1026.84	0.04	0.00426175
1026.88	0.04	0.00219010
1026.92	0.04	0.00276202
1026.96	0.04	0.00275366
1027.00	0.04	0.00166464
1027.04	0.04	0.00007038
1027.08	0.04	-0.00064518
1027.12	0.04	-0.00167026
1027.16	0.04	-0.00097310
1027.20	0.04	-0.00061165
1027.24	0.04	-0.00047582
1027.28	0.04	-0.00093583
1027.32	0.04	-0.00094112
1027.36	0.04	-0.00042977
1027.40	0.04	-0.00010881
1027.44	0.04	0.00049993
1027.48	0.04	-0.00027107
1027.52	0.04	0.00043759
1027.56	0.04	0.00149757
1027.60	0.04	0.00092651
1027.64	0.04	0.00055145
1027.68	0.04	0.00062248
1027.72	0.04	0.00045386
1027.76	0.04	-0.00051892
1027.80	0.04	-0.00050601
1027.84	0.04	-0.00068684
1027.88	0.04	-0.00060916
1027.92	0.04	-0.00049955
1027.96	0.04	-0.00079865
1028.00	0.04	-0.00108055
1028.04	0.04	-0.00067564
1028.08	0.04	0.00011917
1028.12	0.04	-0.00002505
1028.16	0.04	0.00011404
1028.20	0.04	0.00036500
1028.24	0.04	0.00001132
1028.28	0.04	-0.00041342
1028.32	0.04	-0.00050242
1028.36	0.04	0.00036079
1028.40	0.04	0.00103425
1028.44	0.04	0.00083197
1028.48	0.04	0.00004100
1028.52	0.04	-0.00012723
1028.56	0.04	-0.00016271
1028.60	0.04	-0.00051535
1028.64	0.04	-0.00061857
1028.68	0.04	-0.00047790
1028.72	0.04	-0.00040544
1028.76	0.04	0.00011450
1028.80	0.04	0.00003518
1028.84	0.04	0.00024272
1028.88	0.04	0.00023096
1028.92	0.04	0.00029210
1028.96	0.04	0.00030516
1029.00	0.04	0.00021761
1029.04	0.04	-0.00006980
1029.08	0.04	-0.00007766
1029.12	0.04	-0.00002295
1029.16	0.04	-0.00028441
1029.20	0.04	-0.00029923
1029.24	0.04	-0.00040999
1029.28	0.04	-0.00032243
1029.32	0.04	-0.00101708
1029.36	0.04	-0.00084050
1029.40	0.04	-0.00061740
1029.44	0.04	-0.00059322
1029.48	0.04	-0.00070099
1029.52	0.04	-0.00054328
1029.56	0.04	-0.00059995
1029.60	0.04	-0.00117136
1029.64	0.04	-0.00056764
1029.68	0.04	0.00027067
1029.72	0.04	0.00036018
1029.76	0.04	0.00011817
1029.80	0.04	0.00059952
1029.84	0.04	-0.00015070
1029.88	0.04	0.00047041
1029.92	0.04	-0.00027353
1029.96	0.04	-0.00030676
1030.00	0.04	-0.00012389
1030.04	0.04	-0.00026480
1030.08	0.04	-0.00012202
1030.12	0.04	0.00004136
1030.16	0.04	-0.00022908
1030.20	0.04	-0.00049240
1030.24	0.04	-0.00030531
1030.28	0.04	-0.00029563
1030.32	0.04	-0.00023973
1030.36	0.04	-0.00151915
1030.40	0.04	-0.00282557
1030.44	0.04	-0.00367926
1030.48	0.04	-0.00248757
1030.52	0.04	-0.00073168
1030.56	0.04	-0.00024417
1030.60	0.04	-0.00129585
1030.64	0.04	-0.00002871
1030.68	0.04	-0.00001855
1030.72	0.04	0.00015732
1030.76	0.04	0.00045643
1030.80	0.04	0.00155389
1030.84	0.04	0.00083606
1030.88	0.04	-0.00046469
1030.92	0.04	0.00013502
1030.96	0.04	-0.00000637
1031.00	0.04	0.00001110
1031.04	0.04	-0.00070490
1031.08	0.04	0.00101871
1031.12	0.04	0.00206367
1031.16	0.04	0.00464900
1031.20	0.04	0.00390925
1031.24	0.04	0.00219038
1031.28	0.04	0.00018612
1031.32	0.04	-0.00010833
1031.36	0.04	-0.00224261
1031.40	0.04	-0.00174557
1031.44	0.04	-0.00170274
1031.48	0.04	-0.00094493
1031.52	0.04	-0.00125316
1031.56	0.04	-0.00056242
1031.60	0.04	-0.00014821
1031.64	0.04	-0.00005854
1031.68	0.04	-0.00450254
1031.72	0.04	-0.00057159
1031.76	0.04	0.00014000
1031.80	0.04	-0.00063149
1031.84	0.04	0.00111666
1031.88	0.04	0.00044127
1031.92	0.04	-0.00027919
1031.96	0.04	-0.00037771
1032.00	0.04	-0.00087700
1032.04	0.04	-0.00127582
1032.08	0.04	-0.00096250
1032.12	0.04	-0.00054746
1032.16	0.04	-0.00029417
1032.20	0.04	-0.00094877
1032.24	0.04	0.00034240
1032.28	0.04	-0.00053063
1032.32	0.04	-0.00359183
1032.36	0.04	-0.00141915
1032.40	0.04	0.00017634
1032.44	0.04	0.00018442
1032.48	0.04	0.00034693
1032.52	0.04	-0.00004520
1032.56	0.04	0.00035592
1032.60	0.04	-0.00053056
1032.64	0.04	-0.00039297
1032.68	0.04	-0.00109577
1032.72	0.04	-0.00016259
1032.76	0.04	0.00164104
1032.80	0.04	0.00160519
1032.84	0.04	0.00015219
1032.88	0.04	-0.00083620
1032.92	0.04	-0.00113735
1032.96	0.04	-0.00040845
1033.00	0.04	-0.00019283
1033.04	0.04	0.00240032
1033.08	0.04	0.00294763
1033.12	0.04	0.00083195
1033.16	0.04	0.00027451
1033.20	0.04	-0.00120451
1033.24	0.04	0.00000394
1033.28	0.04	0.00076561
1033.32	0.04	0.00181506
1033.36	0.04	0.00132427
1033.40	0.04	0.00076161
1033.44	0.04	-0.00114385
1033.48	0.04	-0.00197372
1033.52	0.04	-0.00139805
1033.56	0.04	-0.00173199
1033.60	0.04	-0.00310097
1033.64	0.04	-0.00301998
1033.68	0.04	-0.00060503
1033.72	0.04	0.00077593
1033.76	0.04	0.00141419
1033.80	0.04	0.00155247
1033.84	0.04	0.00002566
1033.88	0.04	0.00095699
1033.92	0.04	0.00253552
1033.96	0.04	0.00214349
1034.00	0.04	-0.00045889
1034.04	0.04	0.00107203
1034.08	0.04	-0.00058467
1034.12	0.04	-0.00021210
1034.16	0.04	0.00002432
1034.20	0.04	0.00044559
1034.24	0.04	-0.00007708
1034.28	0.04	0.00038325
1034.32	0.04	0.00113965
1034.36	0.04	0.00087784
1034.40	0.04	-0.00170454
1034.44	0.04	0.00058784
1034.48	0.04	0.00162035
1034.52	0.04	0.00250582
1034.56	0.04	0.00250840
1034.60	0.04	0.00052347
1034.64	0.04	-0.00056414
1034.68	0.04	0.00043357
1034.72	0.04	-0.00007857
1034.76	0.04	0.00017983
1034.80	0.04	0.00155578
1034.84	0.04	0.00017685
1034.88	0.04	-0.00005918
1034.92	0.04	0.00001406
1034.96	0.04	-0.00132572
1035.00	0.04	-0.00025776
1035.04	0.04	-0.00032772
1035.08	0.04	0.00003568
1035.12	0.04	-0.00055742
1035.16	0.04	-0.00032691
1035.20	0.04	-0.00041054
1035.24	0.04	-0.00008867
1035.28	0.04	-0.00002884
1035.32	0.04	0.00031650
1035.36	0.04	-0.00007016
1035.40	0.04	-0.00059786
1035.44	0.04	0.00158636
1035.48	0.04	0.00005061
1035.52	0.04	0.00112409
1035.56	0.04	-0.00094771
1035.60	0.04	0.00120802
1035.64	0.04	-0.00004657
1035.68	0.04	0.00037770
1035.72	0.04	0.00100862
1035.76	0.04	0.00026724
1035.80	0.04	0.00012129
1035.84	0.04	0.00019317
1035.88	0.04	0.00069034
1035.92	0.04	0.00001911
1035.96	0.04	0.00054534
1036.00	0.04	0.00017738
1036.04	0.04	-0.00001186
1036.08	0.04	0.00028056
1036.12	0.04	0.00081608
1036.16	0.04	0.00039817
1036.20	0.04	-0.00052223
1036.24	0.04	-0.00099440
1036.28	0.04	-0.00072231
1036.32	0.04	-0.00107050
1036.36	0.04	-0.00144156
1036.40	0.04	-0.00114174
1036.44	0.04	-0.00050056
1036.48	0.04	0.00023635
1036.52	0.04	0.00124472
1036.56	0.04	0.00178075
1036.60	0.04	0.00150236
1036.64	0.04	0.00092339
1036.68	0.04	0.00040520
1036.72	0.04	-0.00002406
1036.76	0.04	-0.00004952
1036.80	0.04	0.00001939
1036.84	0.04	0.00008628
1036.88	0.04	-0.00013456
1036.92	0.04	-0.00054781
1036.96	0.04	-0.00057658
1037.00	0.04	-0.00058429
1037.04	0.04	-0.00045940
1037.08	0.04	-0.00123048
1037.12	0.04	-0.00059917
1037.16	0.04	0.00007431
1037.20	0.04	-0.00016090
1037.24	0.04	-0.00056770
1037.28	0.04	-0.00009827
1037.32	0.04	-0.00026468
1037.36	0.04	-0.00022691
1037.40	0.04	-0.00023391
1037.44	0.04	0.00012171
1037.48	0.04	0.00030994
1037.52	0.04	-0.00005175
1037.56	0.04	0.00005982
1037.60	0.04	-0.00019356
1037.64	0.04	-0.00020212
1037.68	0.04	-0.00027497
1037.72	0.04	-0.00041693
1037.76	0.04	-0.00026937
1037.80	0.04	-0.00023997
1037.84	0.04	-0.00034081
1037.88	0.04	-0.00023682
1037.92	0.04	-0.00047080
1037.96	0.04	-0.00038181
1038.00	0.04	-0.00021364
1038.04	0.04	-0.00019707
1038.08	0.04	0.00001205
1038.12	0.04	-0.00003386
1038.16	0.04	0.00004351
1038.20	0.04	-0.00023155
1038.24	0.04	-0.00020573
1038.28	0.04	-0.00016714
1038.32	0.04	-0.00022448
1038.36	0.04	0.00003049
1038.40	0.04	-0.00019759
1038.44	0.04	0.00003784
1038.48	0.04	0.00000290
1038.52	0.04	-0.00014409
1038.56	0.04	0.00012071
1038.60	0.04	-0.00042607
1038.64	0.04	-0.00034362
1038.68	0.04	-0.00042603
1038.72	0.04	-0.00023266
1038.76	0.04	-0.00038656
1038.80	0.04	-0.00062162
1038.84	0.04	-0.00111695
1038.88	0.04	-0.00199400
1038.92	0.04	-0.00235270
1038.96	0.04	-0.00277662
1039.00	0.04	-0.00314469
1039.04	0.04	-0.00377295
1039.08	0.04	-0.00335633
1039.12	0.04	-0.00225472
1039.16	0.04	-0.00169711
1039.20	0.04	-0.00071863
1039.24	0.04	-0.00018820
1039.28	0.04	-0.00007513
1039.32	0.04	-0.00041312
1039.36	0.04	-0.00008573
1039.40	0.04	-0.00025956
1039.44	0.04	0.00073922
1039.48	0.04	0.00044752
1039.52	0.04	-0.00039193
1039.56	0.04	-0.00055440
1039.60	0.04	-0.00014470
1039.64	0.04	0.00008132
1039.68	0.04	0.00025760
1039.72	0.04	-0.00030036
1039.76	0.04	-0.00072424
1039.80	0.04	-0.00078906
1039.84	0.04	-0.00097902
1039.88	0.04	-0.00141658
1039.92	0.04	-0.00143255
1039.96	0.04	-0.00110882
1040.00	0.04	-0.00123303
1040.04	0.04	-0.00084588
1040.08	0.04	-0.00026023
1040.12	0.04	-0.00011066
1040.16	0.04	-0.00039700
1040.20	0.04	-0.00028720
1040.24	0.04	0.00068319
1040.28	0.04	0.00191470
1040.32	0.04	0.00172471
1040.36	0.04	0.00131020
1040.40	0.04	-0.00065178
1040.44	0.04	-0.00130106
1040.48	0.04	-0.00164129
1040.52	0.04	-0.00171760
1040.56	0.04	-0.00103352
1040.60	0.04	-0.00008987
1040.64	0.04	0.00020074
1040.68	0.04	-0.00057390
1040.72	0.04	-0.00064808
1040.76	0.04	0.00039174
1040.80	0.04	0.00096026
1040.84	0.04	-0.00092748
1040.88	0.04	-0.00184390
1040.92	0.04	-0.00303125
1040.96	0.04	-0.00203629
1041.00	0.04	-0.00104837
1041.04	0.04	-0.00052976
1041.08	0.04	-0.00016708
1041.12	0.04	0.00047653
1041.16	0.04	-0.00009649
1041.20	0.04	0.00042022
1041.24	0.04	-0.00029500
1041.28	0.04	-0.00051938
1041.32	0.04	0.00035886
1041.36	0.04	0.00049237
1041.40	0.04	0.00053012
1041.44	0.04	0.00102609
1041.48	0.04	0.00078433
1041.52	0.04	0.00114773
1041.56	0.04	0.00022403
1041.60	0.04	0.00176858
1041.64	0.04	0.00099849
1041.68	0.04	-0.00065392
1041.72	0.04	-0.00169018
1041.76	0.04	-0.00034956
1041.80	0.04	-0.00134858
1041.84	0.04	-0.00215762
1041.88	0.04	-0.00395775
1041.92	0.04	-0.00357266
1041.96	0.04	-0.00344969
1042.00	0.04	-0.00296011
1042.04	0.04	-0.00009555
1042.08	0.04	-0.00087803
1042.12	0.04	-0.00206061
1042.16	0.04	-0.00181659
1042.20	0.04	-0.00294634
1042.24	0.04	-0.00348990
1042.28	0.04	-0.00262148
1042.32	0.04	0.00108649
1042.36	0.04	0.00186594
1042.40	0.04	0.00038247
1042.44	0.04	-0.00172143
1042.48	0.04	-0.00187134
1042.52	0.04	-0.00173800
1042.56	0.04	0.00026646
1042.60	0.04	0.00077801
1042.64	0.04	-0.00328905
1042.68	0.04	-0.00516602
1042.72	0.04	-0.00430638
1042.76	0.04	-0.00271613
1042.80	0.04	0.00145839
1042.84	0.04	0.00276766
1042.88	0.04	0.00288270
1042.92	0.04	0.00043634
1042.96	0.04	-0.00066856
1043.00	0.04	0.00036043
1043.04	0.04	0.00116049
1043.08	0.04	0.00116760
1043.12	0.04	0.00165217
1043.16	0.04	0.00183753
1043.20	0.04	0.00197189
1043.24	0.04	0.00134233
1043.28	0.04	0.00087480
1043.32	0.04	-0.00067005
1043.36	0.04	-0.00030495
1043.40	0.04	-0.00078355
1043.44	0.04	-0.00169487
1043.48	0.04	-0.00026288
1043.52	0.04	-0.00095304
1043.56	0.04	-0.00103215
1043.60	0.04	-0.00233660
1043.64	0.04	-0.00256318
1043.68	0.04	0.00049577
1043.72	0.04	-0.00018909
1043.76	0.04	-0.00114690
1043.80	0.04	-0.00117008
1043.84	0.04	-0.00070261
1043.88	0.04	0.00010623
1043.92	0.04	0.00188794
1043.96	0.04	0.00288073
1044.00	0.04	0.00158602
1044.04	0.04	0.00109471
1044.08	0.04	0.00076505
1044.12	0.04	0.00123393
1044.16	0.04	0.00015321
1044.20	0.04	-0.00039007
1044.24	0.04	-0.00182038
1044.28	0.04	-0.00234352
1044.32	0.04	0.00461086
1044.36	0.04	0.00513059
1044.40	0.04	0.00451214
1044.44	0.04	0.00613412
1044.48	0.04	0.00761150
1044.52	0.04	0.00645437
1044.56	0.04	0.00433996
1044.60	0.04	0.00379134
1044.64	0.04	0.00352047
1044.68	0.04	0.00225777
1044.72	0.04	-0.00052326
1044.76	0.04	-0.00120971
1044.80	0.04	-0.00163905
1044.84	0.04	0.00024710
1044.88	0.04	0.00159855
1044.92	0.04	0.00118832
1044.96	0.04	0.00133589
1045.00	0.04	-0.00067627
1045.04	0.04	0.00029893
1045.08	0.04	-0.00179160
1045.12	0.04	0.00007078
1045.16	0.04	-0.00129867
1045.20	0.04	-0.00209769
1045.24	0.04	-0.00279602
1045.28	0.04	-0.00387219
1045.32	0.04	-0.00480903
1045.36	0.04	-0.00425347
1045.40	0.04	-0.00081202
1045.44	0.04	-0.00271139
1045.48	0.04	-0.00306697
1045.52	0.04	-0.00103011
1045.56	0.04	-0.00162053
1045.60	0.04	-0.00431382
1045.64	0.04	-0.00140115
1045.68	0.04	-0.00204849
1045.72	0.04	-0.00187719
1045.76	0.04	-0.00038239
1045.80	0.04	-0.00157863
1045.84	0.04	-0.00087966
1045.88	0.04	-0.00067304
1045.92	0.04	-0.00061800
1045.96	0.04	0.00012187
1046.00	0.04	-0.00007756
1046.04	0.04	0.00035363
1046.08	0.04	0.00000464
1046.12	0.04	-0.00045899
1046.16	0.04	0.00033480
1046.20	0.04	0.00037667
1046.24	0.04	-0.00057882
1046.28	0.04	-0.00085823
1046.32	0.04	-0.00047829
1046.36	0.04	-0.00170500
1046.40	0.04	-0.00134188
1046.44	0.04	-0.00085801
1046.48	0.04	0.00023904
1046.52	0.04	-0.00097571
1046.56	0.04	-0.00080012
1046.60	0.04	-0.00049326
1046.64	0.04	-0.00187731
1046.68	0.04	-0.00219574
1046.72	0.04	-0.00114340
1046.76	0.04	-0.00026271
1046.80	0.04	0.00029325
1046.84	0.04	0.00050276
1046.88	0.04	-0.00065827
1046.92	0.04	0.00062131
1046.96	0.04	0.00097984
1047.00	0.04	-0.00023482
1047.04	0.04	-0.00080469
1047.08	0.04	-0.00080984
1047.12	0.04	-0.00094109
1047.16	0.04	-0.00039545
1047.20	0.04	-0.00014486
1047.24	0.04	-0.00132951
1047.28	0.04	-0.00104150
1047.32	0.04	-0.00127585
1047.36	0.04	-0.00039712
1047.40	0.04	-0.00333832
1047.44	0.04	0.00006184
1047.48	0.04	0.00146213
1047.52	0.04	0.00125584
1047.56	0.04	0.00021838
1047.60	0.04	-0.00052822
1047.64	0.04	-0.00020063
1047.68	0.04	-0.00047660
1047.72	0.04	-0.00055840
1047.76	0.04	-0.00045536
1047.80	0.04	0.00046743
1047.84	0.04	0.00033506
1047.88	0.04	0.00025509
1047.92	0.04	-0.00075357
1047.96	0.04	-0.00063776
1048.00	0.04	0.00064730
1048.04	0.04	0.00005249
1048.08	0.04	-0.00006829
1048.12	0.04	-0.00142243
1048.16	0.04	-0.00145279
1048.20	0.04	-0.00065622
1048.24	0.04	-0.00014451
1048.28	0.04	-0.00018694
1048.32	0.04	-0.00014381
1048.36	0.04	-0.00024935
1048.40	0.04	-0.00004695
1048.44	0.04	-0.00274659
1048.48	0.04	-0.00359445
1048.52	0.04	-0.00308822
1048.56	0.04	-0.00149749
1048.60	0.04	-0.00113024
1048.64	0.04	-0.00040818
1048.68	0.04	-0.00072939
1048.72	0.04	-0.00083341
1048.76	0.04	-0.00044964
1048.80	0.04	-0.00050727
1048.84	0.04	-0.00041478
1048.88	0.04	-0.00110150
1048.92	0.04	-0.00097503
1048.96	0.04	-0.00157756
1049.00	0.04	-0.00055970
1049.04	0.04	-0.00017904
1049.08	0.04	-0.00003353
1049.12	0.04	-0.00038431
1049.16	0.04	0.00003783
1049.20	0.04	0.00002977
1049.24	0.04	0.00015465
1049.28	0.04	-0.00016525
1049.32	0.04	0.00008996
1049.36	0.04	-0.00035249
1049.40	0.04	-0.00033954
1049.44	0.04	0.00014588
1049.48	0.04	-0.00016911
1049.52	0.04	-0.00052197
1049.56	0.04	0.00023332
1049.60	0.04	0.00022543
1049.64	0.04	-0.00016364
1049.68	0.04	-0.00012959
1049.72	0.04	0.00039946
1049.76	0.04	-0.00041409
1049.80	0.04	-0.00132997
1049.84	0.04	-0.00242419
1049.88	0.04	-0.00299772
1049.92	0.04	-0.00286490
1049.96	0.04	-0.00322173
1050.00	0.04	-0.00250350
1050.04	0.04	-0.00150600
1050.08	0.04	-0.00026008
1050.12	0.04	-0.00025333
1050.16	0.04	0.00005644
1050.20	0.04	-0.00046866
1050.24	0.04	0.00008620
1050.28	0.04	-0.00035780
1050.32	0.04	-0.00064278
1050.36	0.04	-0.00116775
1050.40	0.04	0.00037596
1050.44	0.04	0.00131724
1050.48	0.04	0.00108270
1050.52	0.04	-0.00014884
1050.56	0.04	0.00122522
1050.60	0.04	0.00154934
1050.64	0.04	0.00144799
1050.68	0.04	0.00117234
1050.72	0.04	0.00082771
1050.76	0.04	-0.00048983
1050.80	0.04	-0.00038226
1050.84	0.04	-0.00401595
1050.88	0.04	-0.00071909
1050.92	0.04	0.00129029
1050.96	0.04	0.00176805
1051.00	0.04	0.00115393
1051.04	0.04	0.00092343
1051.08	0.04	0.00146815
1051.12	0.04	0.00071223
1051.16	0.04	0.00116029
1051.20	0.04	0.00107275
1051.24	0.04	0.00132758
1051.28	0.04	-0.00140551
1051.32	0.04	-0.00230070
1051.36	0.04	-0.00179170
1051.40	0.04	-0.00064130
1051.44	0.04	0.00086537
1051.48	0.04	0.00335573
1051.52	0.04	0.00153133
1051.56	0.04	0.00181579
1051.60	0.04	0.00194084
1051.64	0.04	0.00106885
1051.68	0.04	0.00032769
1051.72	0.04	0.00188876
1051.76	0.04	0.00043719
1051.80	0.04	-0.00063193
1051.84	0.04	-0.00211115
1051.88	0.04	-0.00046643
1051.92	0.04	-0.00079539
1051.96	0.04	-0.00053502
1052.00	0.04	-0.00063866
1052.04	0.04	-0.00104232
1052.08	0.04	-0.00081647
1052.12	0.04	-0.00102449
1052.16	0.04	-0.00073144
1052.20	0.04	-0.00091952
1052.24	0.04	-0.00026109
1052.28	0.04	0.00118973
1052.32	0.04	0.00069321
1052.36	0.04	-0.00026786
1052.40	0.04	-0.00021671
1052.44	0.04	-0.00072918
1052.48	0.04	-0.00103045
1052.52	0.04	-0.00133638
1052.56	0.04	-0.00204138
1052.60	0.04	-0.00189307
1052.64	0.04	-0.00163961
1052.68	0.04	-0.00189049
1052.72	0.04	-0.00150197
1052.76	0.04	0.00076066
1052.80	0.04	-0.00042105
1052.84	0.04	0.00102257
1052.88	0.04	-0.00003831
1052.92	0.04	-0.00210365
1052.96	0.04	-0.00043374
1053.00	0.04	0.00153948
1053.04	0.04	0.00264863
1053.08	0.04	0.00245798
1053.12	0.04	0.00221151
1053.16	0.04	0.00152968
1053.20	0.04	-0.00804035
1053.24	0.04	-0.00915707
1053.28	0.04	-0.00693695
1053.32	0.04	-0.00229242
1053.36	0.04	0.00187365
1053.40	0.04	0.00335378
1053.44	0.04	0.00439094
1053.48	0.04	0.00154715
1053.52	0.04	0.00071511
1053.56	0.04	0.00073487
1053.60	0.04	-0.00008329
1053.64	0.04	-0.00183796
1053.68	0.04	0.00053394
1053.72	0.04	0.00383616
1053.76	0.04	0.00112673
1053.80	0.04	0.00160439
1053.84	0.04	-0.00006415
1053.88	0.04	-0.00087032
1053.92	0.04	0.00214986
1053.96	0.04	0.00321454
1054.00	0.04	0.00299422
1054.04	0.04	0.00201003
1054.08	0.04	-0.00084732
1054.12	0.04	-0.00295060
1054.16	0.04	-0.00213557
1054.20	0.04	-0.00097580
1054.24	0.04	-0.00155645
1054.28	0.04	0.00098629
1054.32	0.04	-0.00128177
1054.36	0.04	-0.00089948
1054.40	0.04	0.00008871
1054.44	0.04	0.00023665
1054.48	0.04	0.00096475
1054.52	0.04	-0.00061171
1054.56	0.04	0.00004134
1054.60	0.04	0.00321080
1054.64	0.04	0.00361485
1054.68	0.04	0.00432155
1054.72	0.04	0.00004950
1054.76	0.04	0.00044179
1054.80	0.04	-0.00148585
1054.84	0.04	-0.00079028
1054.88	0.04	0.00084461
1054.92	0.04	0.00133473
1054.96	0.04	0.00398378
1055.00	0.04	0.00427301
1055.04	0.04	0.00462299
1055.08	0.04	0.00373929
1055.12	0.04	0.00335606
1055.16	0.04	0.00244160
1055.20	0.04	0.00212044
1055.24	0.04	-0.00977462
1055.28	0.04	-0.01176026
1055.32	0.04	-0.00832962
1055.36	0.04	-0.00117713
1055.40	0.04	-0.00030695
1055.44	0.04	-0.00164663
1055.48	0.04	-0.00098196
1055.52	0.04	0.00248908
1055.56	0.04	0.00000108
1055.60	0.04	0.00145919
1055.64	0.04	-0.00022877
1055.68	0.04	-0.00139030
1055.72	0.04	-0.00218499
1055.76	0.04	-0.00194052
1055.80	0.04	-0.00134707
1055.84	0.04	-0.00273678
1055.88	0.04	-0.00163404
1055.92	0.04	-0.00000469
1055.96	0.04	-0.00067167
1056.00	0.04	-0.00120557
1056.04	0.04	0.00022849
1056.08	0.04	-0.00037607
1056.12	0.04	0.00017681
1056.16	0.04	-0.00082913
1056.20	0.04	0.00105518
1056.24	0.04	0.00085607
1056.28	0.04	0.00083810
1056.32	0.04	-0.00110522
1056.36	0.04	-0.00081619
1056.40	0.04	0.00062810
1056.44	0.04	-0.00054261
1056.48	0.04	-0.00264433
1056.52	0.04	-0.00053377
1056.56	0.04	0.00375661
1056.60	0.04	0.00696085
1056.64	0.04	0.00536837
1056.68	0.04	0.00165286
1056.72	0.04	0.00254008
1056.76	0.04	0.00255994
1056.80	0.04	0.00249608
1056.84	0.04	0.00418665
1056.88	0.04	0.00513214
1056.92	0.04	0.00326507
1056.96	0.04	0.00427916
1057.00	0.04	-0.00002630
1057.04	0.04	0.00042379
1057.08	0.04	-0.00095434
1057.12	0.04	0.00011246
1057.16	0.04	-0.00075552
1057.20	0.04	-0.00131275
1057.24	0.04	0.00220566
1057.28	0.04	-0.00066156
1057.32	0.04	0.00066720
1057.36	0.04	0.00206488
1057.40	0.04	0.00333963
1057.44	0.04	0.00163552
1057.48	0.04	0.00288396
1057.52	0.04	0.00433938
1057.56	0.04	0.00524670
1057.60	0.04	0.00553757
1057.64	0.04	0.00608501
1057.68	0.04	0.00640417
1057.72	0.04	0.00672876
1057.76	0.04	0.00598606
1057.80	0.04	0.00338497
1057.84	0.04	0.00173777
1057.88	0.04	0.00126630
1057.92	0.04	0.00105628
1057.96	0.04	0.00156964
1058.00	0.04	0.00025397
1058.04	0.04	0.00063136
1058.08	0.04	0.00167611
1058.12	0.04	0.00056282
1058.16	0.04	0.00148697
1058.20	0.04	-0.00121973
1058.24	0.04	-0.00050211
1058.28	0.04	0.00053593
1058.32	0.04	0.00065460
1058.36	0.04	0.00400978
1058.40	0.04	0.00089289
1058.44	0.04	0.00188497
1058.48	0.04	0.00174674
1058.52	0.04	0.00189178
1058.56	0.04	0.00106663
1058.60	0.04	0.00030449
1058.64	0.04	0.00069029
1058.68	0.04	0.00409717
1058.72	0.04	0.00331614
1058.76	0.04	0.00268373
1058.80	0.04	0.00039460
1058.84	0.04	-0.00095932
1058.88	0.04	0.00106844
1058.92	0.04	0.00077249
1058.96	0.04	0.00188727
1059.00	0.04	-0.00002141
1059.04	0.04	0.00117464
1059.08	0.04	-0.00080331
1059.12	0.04	-0.00104022
1059.16	0.04	0.00064837
1059.20	0.04	0.00203120
1059.24	0.04	0.00442347
1059.28	0.04	0.00349229
1059.32	0.04	-0.00169151
1059.36	0.04	-0.00328860
1059.40	0.04	-0.00083151
1059.44	0.04	0.00065501
1059.48	0.04	-0.00156436
1059.52	0.04	-0.00429301
1059.56	0.04	-0.00071770
1059.60	0.04	-0.00066072
1059.64	0.04	0.00095904
1059.68	0.04	0.00005169
1059.72	0.04	-0.00012686
1059.76	0.04	0.00292682
1059.80	0.04	0.00572936
1059.84	0.04	0.00818709
1059.88	0.04	0.00891776
1059.92	0.04	0.00713327
1059.96	0.04	0.00353048
1060.00	0.04	0.00331178
1060.04	0.04	0.00142791
1060.08	0.04	0.00127894
1060.12	0.04	-0.00245988
1060.16	0.04	-0.00245018
1060.20	0.04	-0.00213619
1060.24	0.04	-0.00141916
1060.28	0.04	-0.00059983
1060.32	0.04	-0.00125729
1060.36	0.04	-0.00034161
1060.40	0.04	-0.00106565
1060.44	0.04	-0.00288020
1060.48	0.04	-0.00310339
1060.52	0.04	-0.00249580
1060.56	0.04	0.00011785
1060.60	0.04	0.00173302
1060.64	0.04	0.00114586
1060.68	0.04	0.00049533
1060.72	0.04	-0.00131958
1060.76	0.04	-0.00086878
1060.80	0.04	-0.00098080
1060.84	0.04	-0.00043211
1060.88	0.04	-0.00012110
1060.92	0.04	0.00027643
1060.96	0.04	0.00078347
1061.00	0.04	0.00008620
1061.04	0.04	-0.00061388
1061.08	0.04	-0.00076919
1061.12	0.04	-0.00086361
1061.16	0.04	-0.00109785
1061.20	0.04	-0.00045716
1061.24	0.04	-0.00019295
1061.28	0.04	-0.00071385
1061.32	0.04	-0.00001293
1061.36	0.04	-0.00052301
1061.40	0.04	-0.00001210
1061.44	0.04	-0.00060791
1061.48	0.04	-0.00073468
1061.52	0.04	-0.00031303
1061.56	0.04	0.00027061
1061.60	0.04	0.00013040
1061.64	0.04	0.00000947
1061.68	0.04	-0.00021250
1061.72	0.04	-0.00004038
1061.76	0.04	-0.00021163
1061.80	0.04	-0.00002175
1061.84	0.04	0.00007920
1061.88	0.04	-0.00000570
1061.92	0.04	0.00001827
1061.96	0.04	0.00151465
1062.00	0.04	-0.00411715
1062.04	0.04	-0.00770760
1062.08	0.04	-0.00900358
1062.12	0.04	-0.00732191
1062.16	0.04	-0.00684175
1062.20	0.04	-0.00529625
1062.24	0.04	-0.00402341
1062.28	0.04	-0.00321555
1062.32	0.04	-0.00279848
1062.36	0.04	-0.00174798
1062.40	0.04	-0.00184648
1062.44	0.04	-0.00140277
1062.48	0.04	-0.00576512
1062.52	0.04	-0.00684910
1062.56	0.04	-0.00063360
1062.60	0.04	-0.00172558
1062.64	0.04	-0.00236403
1062.68	0.04	-0.00300214
1062.72	0.04	-0.00014929
1062.76	0.04	0.00036769
1062.80	0.04	-0.00006984
1062.84	0.04	0.00050200
1062.88	0.04	0.00142809
1062.92	0.04	0.00173670
1062.96	0.04	0.00193760
1063.00	0.04	0.00385619
1063.04	0.04	0.00425031
1063.08	0.04	0.00339358
1063.12	0.04	0.00221552
1063.16	0.04	0.00259496
1063.20	0.04	0.00507480
1063.24	0.04	0.01051875
1063.28	0.04	0.01019640
1063.32	0.04	0.01547018
1063.36	0.04	0.02176541
1063.40	0.04	0.01316515
1063.44	0.04	0.00838187
1063.48	0.04	0.00196504
1063.52	0.04	0.00373865
1063.56	0.04	0.00639120
1063.60	0.04	0.00563265
1063.64	0.04	0.00544747
1063.68	0.04	0.00720547
1063.72	0.04	0.00523173
1063.76	0.04	0.00205462
1063.80	0.04	0.01652952
1063.84	0.04	0.01524367
1063.88	0.04	0.01042004
1063.92	0.04	0.00508312
1063.96	0.04	0.00445040
1064.00	0.04	0.00351485
1064.04	0.04	0.00576983
1064.08	0.04	0.00279887
1064.12	0.04	0.00303851
1064.16	0.04	0.00429713
1064.20	0.04	0.00510448
1064.24	0.04	0.00516142
1064.28	0.04	0.00132551
1064.32	0.04	0.00350054
1064.36	0.04	0.00170727
1064.40	0.04	0.00015336
1064.44	0.04	-0.00144636
1064.48	0.04	-0.00378148
1064.52	0.04	-0.00244975
1064.56	0.04	-0.00287340
1064.60	0.04	-0.00015815
1064.64	0.04	-0.02291496
1064.68	0.04	-0.02260857
1064.72	0.04	-0.01804366
1064.76	0.04	-0.00537973
1064.80	0.04	0.00094300
1064.84	0.04	0.00197974
1064.88	0.04	0.00065104
1064.92	0.04	0.00339176
1064.96	0.04	0.00481750
1065.00	0.04	0.00110229
1065.04	0.04	0.00358721
1065.08	0.04	0.00572623
1065.12	0.04	0.01001647
1065.16	0.04	0.00802410
1065.20	0.04	0.00471325
1065.24	0.04	0.00379132
1065.28	0.04	0.00530438
1065.32	0.04	0.00419344
1065.36	0.04	0.00189233
1065.40	0.04	0.00065469
1065.44	0.04	-0.00003475
1065.48	0.04	-0.00135827
1065.52	0.04	-0.00024082
1065.56	0.04	-0.00157621
1065.60	0.04	-0.01398425
1065.64	0.04	0.00208627
1065.68	0.04	0.00192612
1065.72	0.04	0.00506909
1065.76	0.04	0.00060880
1065.80	0.04	0.00113418
1065.84	0.04	0.00790942
1065.88	0.04	0.00921533
1065.92	0.04	0.00672906
1065.96	0.04	0.00151185
1066.00	0.04	0.00101577
1066.04	0.04	0.00162740
1066.08	0.04	0.00078127
1066.12	0.04	0.00185587
1066.16	0.04	0.00319653
1066.20	0.04	0.00147542
1066.24	0.04	0.00536729
1066.28	0.04	0.00544628
1066.32	0.04	0.00552603
1066.36	0.04	0.00477003
1066.40	0.04	0.00395708
1066.44	0.04	0.00284526
1066.48	0.04	0.00128715
1066.52	0.04	-0.00352644
1066.56	0.04	-0.00328216
1066.60	0.04	-0.00343038
1066.64	0.04	-0.00646396
1066.68	0.04	-0.00779684
1066.72	0.04	-0.00536624
1066.76	0.04	-0.00128129
1066.80	0.04	0.00254284
1066.84	0.04	0.00185831
1066.88	0.04	0.00007109
1066.92	0.04	-0.00199901
1066.96	0.04	-0.00261655
1067.00	0.04	-0.00062685
1067.04	0.04	0.00187727
1067.08	0.04	0.00452923
1067.12	0.04	0.00620554
1067.16	0.04	0.00579740
1067.20	0.04	0.00341201
1067.24	0.04	0.00240236
1067.28	0.04	0.00011212
1067.32	0.04	0.00098512
1067.36	0.04	-0.00001075
1067.40	0.04	0.00029194
1067.44	0.04	0.00141150
1067.48	0.04	0.00100843
1067.52	0.04	0.00046918
1067.56	0.04	0.00340131
1067.60	0.04	0.00249652
1067.64	0.04	-0.00060918
1067.68	0.04	-0.00439400
1067.72	0.04	-0.00338660
1067.76	0.04	-0.00161528
1067.80	0.04	0.00198443
1067.84	0.04	0.00398728
1067.88	0.04	0.00326959
1067.92	0.04	-0.01154359
1067.96	0.04	-0.00442213
1068.00	0.04	-0.00339510
1068.04	0.04	-0.00377449
1068.08	0.04	-0.00608587
1068.12	0.04	-0.00595350
1068.16	0.04	-0.00318149
1068.20	0.04	0.00162491
1068.24	0.04	-0.00157816
1068.28	0.04	-0.00171039
1068.32	0.04	-0.00364379
1068.36	0.04	-0.00299282
1068.40	0.04	-0.00661163
1068.44	0.04	-0.00114590
1068.48	0.04	0.00077446
1068.52	0.04	-0.00030367
1068.56	0.04	-0.00205260
1068.60	0.04	-0.00183734
1068.64	0.04	-0.00176942
1068.68	0.04	0.00072096
1068.72	0.04	-0.00084610
1068.76	0.04	-0.00357025
1068.80	0.04	-0.00424954
1068.84	0.04	-0.00151616
1068.88	0.04	-0.02594329
1068.92	0.04	-0.02617853
1068.96	0.04	-0.01628782
1069.00	0.04	-0.00266112
1069.04	0.04	0.00024207
1069.08	0.04	0.00547589
1069.12	0.04	0.00279188
1069.16	0.04	0.00242568
1069.20	0.04	0.00055774
1069.24	0.04	0.00253001
1069.28	0.04	0.00714336
1069.32	0.04	0.00194263
1069.36	0.04	0.00035351
1069.40	0.04	0.00124108
1069.44	0.04	0.00271714
1069.48	0.04	-0.00386710
1069.52	0.04	-0.00392377
1069.56	0.04	-0.00106319
1069.60	0.04	-0.00318105
1069.64	0.04	-0.00352713
1069.68	0.04	-0.00252072
1069.72	0.04	0.00134374
1069.76	0.04	0.00100413
1069.80	0.04	0.00111028
1069.84	0.04	0.00242134
1069.88	0.04	0.00460247
1069.92	0.04	0.00125505
1069.96	0.04	-0.00140841
1070.00	0.04	-0.00288671
1070.04	0.04	-0.00391917
1070.08	0.04	-0.00275793
1070.12	0.04	-0.00142015
1070.16	0.04	-0.00051618
1070.20	0.04	0.00120118
1070.24	0.04	0.00201918
1070.28	0.04	0.00301612
1070.32	0.04	0.00197242
1070.36	0.04	0.00137601
1070.40	0.04	0.00077873
1070.44	0.04	0.00149469
1070.48	0.04	0.00102614
1070.52	0.04	-0.00019813
1070.56	0.04	0.00019507
1070.60	0.04	-0.00012086
1070.64	0.04	-0.00126179
1070.68	0.04	-0.00175102
1070.72	0.04	-0.00141825
1070.76	0.04	-0.00207936
1070.80	0.04	-0.00117139
1070.84	0.04	-0.00087050
1070.88	0.04	-0.00108390
1070.92	0.04	-0.00155729
1070.96	0.04	-0.00090613
1071.00	0.04	-0.00130537
1071.04	0.04	0.00039496
1071.08	0.04	0.00087860
1071.12	0.04	0.00133307
1071.16	0.04	-0.00044483
1071.20	0.04	-0.00172842
1071.24	0.04	-0.00405056
1071.28	0.04	-0.00430301
1071.32	0.04	-0.00366139
1071.36	0.04	-0.00305762
1071.40	0.04	-0.00148343
1071.44	0.04	-0.00067055
1071.48	0.04	-0.00116532
1071.52	0.04	-0.00111361
1071.56	0.04	-0.00072153
1071.60	0.04	-0.00018620
1071.64	0.04	0.00060354
1071.68	0.04	0.00242581
1071.72	0.04	0.00262102
1071.76	0.04	0.00306347
1071.80	0.04	0.00117370
1071.84	0.04	-0.00046242
1071.88	0.04	-0.00111878
1071.92	0.04	-0.00132569
1071.96	0.04	-0.00090485
1072.00	0.04	-0.00160219
1072.04	0.04	-0.00137208
1072.08	0.04	-0.00144251
1072.12	0.04	-0.00113662
1072.16	0.04	-0.00089914
1072.20	0.04	-0.00040114
1072.24	0.04	-0.00036858
1072.28	0.04	0.00026825
1072.32	0.04	0.00061214
1072.36	0.04	0.00013405
1072.40	0.04	0.00064951
1072.44	0.04	0.00083874
1072.48	0.04	0.00045941
1072.52	0.04	0.00073952
1072.56	0.04	0.00023577
1072.60	0.04	0.00045665
1072.64	0.04	0.00067603
1072.68	0.04	0.00029130
1072.72	0.04	-0.00026740
1072.76	0.04	-0.00045086
1072.80	0.04	-0.00041416
1072.84	0.04	-0.00034678
1072.88	0.04	-0.00037640
1072.92	0.04	-0.00026276
1072.96	0.04	-0.00010611
1073.00	0.04	-0.00009090
1073.04	0.04	-0.00058946
1073.08	0.04	-0.00021991
1073.12	0.04	0.00013585
1073.16	0.04	0.00031161
1073.20	0.04	0.00056626
1073.24	0.04	0.00062890
1073.28	0.04	-0.00013480
1073.32	0.04	0.00000917
1073.36	0.04	0.00032564
1073.40	0.04	0.00001234
1073.44	0.04	0.00014270
1073.48	0.04	-0.00037053
1073.52	0.04	-0.00034015
1073.56	0.04	-0.00035304
1073.60	0.04	-0.00066712
1073.64	0.04	-0.00082664
1073.68	0.04	-0.00067500
1073.72	0.04	-0.00056162
1073.76	0.04	-0.00070530
1073.80	0.04	-0.00109764
1073.84	0.04	-0.00040924
1073.88	0.04	-0.00054074
1073.92	0.04	-0.00010074
1073.96	0.04	0.00005528
1074.00	0.04	0.00021611
1074.04	0.04	-0.00016139
1074.08	0.04	-0.00026805
1074.12	0.04	-0.00034406
1074.16	0.04	-0.00018738
1074.20	0.04	-0.00063809
1074.24	0.04	-0.00065854
1074.28	0.04	-0.00092500
1074.32	0.04	-0.00091260
1074.36	0.04	-0.00065487
1074.40	0.04	-0.00048179
1074.44	0.04	-0.00043250
1074.48	0.04	0.00005781
1074.52	0.04	0.00009017
1074.56	0.04	-0.00005899
1074.60	0.04	0.00016156
1074.64	0.04	-0.00000260
1074.68	0.04	0.00000885
1074.72	0.04	-0.00011944
1074.76	0.04	-0.00012953
1074.80	0.04	-0.00082572
1074.84	0.04	-0.00080687
1074.88	0.04	-0.00064884
1074.92	0.04	-0.00055736
1074.96	0.04	-0.00075822
1075.00	0.04	-0.00046890
1075.04	0.04	-0.00070887
1075.08	0.04	-0.00077836
1075.12	0.04	-0.00014149
1075.16	0.04	-0.00008297
1075.20	0.04	-0.00022560
1075.24	0.04	-0.00000256
1075.28	0.04	-0.00010562
1075.32	0.04	-0.00034387
1075.36	0.04	-0.00005535
1075.40	0.04	-0.00002836
1075.44	0.04	-0.00008512
1075.48	0.04	0.00035779
1075.52	0.04	0.00032712
1075.56	0.04	-0.00015176
1075.60	0.04	-0.00040576
1075.64	0.04	-0.00019211
1075.68	0.04	-0.00040033
1075.72	0.04	-0.00031439
1075.76	0.04	-0.00005528
1075.80	0.04	0.00013347
1075.84	0.04	0.00017751
1075.88	0.04	-0.00045603
1075.92	0.04	-0.00000467
1075.96	0.04	0.00011306
1076.00	0.04	-0.00006199
1076.04	0.04	-0.00055313
1076.08	0.04	0.00003084
1076.12	0.04	-0.00032869
1076.16	0.04	-0.00023900
1076.20	0.04	0.00004642
1076.24	0.04	0.00009734
1076.28	0.04	0.00027541
1076.32	0.04	0.00008443
1076.36	0.04	0.00040304
1076.40	0.04	0.00007362
1076.44	0.04	-0.00005203
1076.48	0.04	0.00011836
1076.52	0.04	0.00022478
1076.56	0.04	0.00004900
1076.60	0.04	0.00042100
1076.64	0.04	-0.00018146
1076.68	0.04	-0.00006678
1076.72	0.04	-0.00013726
1076.76	0.04	-0.00000524
1076.80	0.04	-0.00018627
1076.84	0.04	-0.00003332
1076.88	0.04	-0.00010046
1076.92	0.04	-0.00045182
1076.96	0.04	-0.00051961
1077.00	0.04	0.00037921
1077.04	0.04	0.00013008
1077.08	0.04	0.00005021
1077.12	0.04	0.00004510
1077.16	0.04	-0.00003553
1077.20	0.04	0.00008903
1077.24	0.04	0.00017042
1077.28	0.04	0.00038471
1077.32	0.04	0.00045176
1077.36	0.04	0.00041173
1077.40	0.04	-0.00016911
1077.44	0.04	0.00037824
1077.48	0.04	0.00054917
1077.52	0.04	0.00028016
1077.56	0.04	0.00007858
1077.60	0.04	0.00004767
1077.64	0.04	0.00040174
1077.68	0.04	0.00032781
1077.72	0.04	0.00096782
1077.76	0.04	0.00058973
1077.80	0.04	0.00105968
1077.84	0.04	0.00150078
1077.88	0.04	0.00096650
1077.92	0.04	0.00045657
1077.96	0.04	0.00009757
1078.00	0.04	0.00102550
1078.04	0.04	0.00118939
1078.08	0.04	0.00036005
1078.12	0.04	0.00054411
1078.16	0.04	0.00052992
1078.20	0.04	0.00077378
1078.24	0.04	0.00128479
1078.28	0.04	0.00107293
1078.32	0.04	0.00083045
1078.36	0.04	0.00088181
1078.40	0.04	0.00068053
1078.44	0.04	0.00094653
1078.48	0.04	0.00171428
1078.52	0.04	0.00107105
1078.56	0.04	0.00037412
1078.60	0.04	0.00062431
1078.64	0.04	0.00105933
1078.68	0.04	0.00071811
1078.72	0.04	0.00116725
1078.76	0.04	0.00131157
1078.80	0.04	0.00104007
1078.84	0.04	0.00073297
1078.88	0.04	0.00059043
1078.92	0.04	0.00085071
1078.96	0.04	0.00081358
1079.00	0.04	0.00085933
1079.04	0.04	0.00078439
1079.08	0.04	0.00061179
1079.12	0.04	0.00095316
1079.16	0.04	0.00077348
1079.20	0.04	0.00051794
1079.24	0.04	0.00039198
1079.28	0.04	0.00107403
1079.32	0.04	0.00067017
1079.36	0.04	0.00040560
1079.40	0.04	0.00142679
1079.44	0.04	0.00075072
1079.48	0.04	0.00046787
1079.52	0.04	0.00028760
1079.56	0.04	0.00102486
1079.60	0.04	0.00079314
1079.64	0.04	0.00080000
1079.68	0.04	0.00047015
1079.72	0.04	0.00126613
1079.76	0.04	0.00112378
1079.80	0.04	0.00086918
1079.84	0.04	0.00120788
1079.88	0.04	0.00126855
1079.92	0.04	0.00088151
1079.96	0.04	0.00095364
1080.00	0.04	0.00065701
1080.04	0.04	0.00095932
1080.08	0.04	0.00104835
1080.12	0.04	0.00119761
1080.16	0.04	0.00105319
1080.20	0.04	0.00151169
1080.24	0.04	0.00292537
1080.28	0.04	0.00167202
1080.32	0.04	0.00108223
1080.36	0.04	0.00097331
1080.40	0.04	0.00095387
1080.44	0.04	0.00114425
1080.48	0.04	0.00141913
1080.52	0.04	0.00099367
1080.56	0.04	0.00108772
1080.60	0.04	0.00128506
1080.64	0.04	0.00246167
1080.68	0.04	0.00270188
1080.72	0.04	0.00199543
1080.76	0.04	0.00091035
1080.80	0.04	0.00077833
1080.84	0.04	0.00135571
1080.88	0.04	0.00120045
1080.92	0.04	0.00185188
1080.96	0.04	0.00117602
1081.00	0.04	0.00060550
1081.04	0.04	0.00063318
1081.08	0.04	0.00063584
1081.12	0.04	0.00057060
1081.16	0.04	0.00281330
1081.20	0.04	0.00207074
1081.24	0.04	0.00068812
1081.28	0.04	0.00077679
1081.32	0.04	0.00030108
1081.36	0.04	0.00023849
1081.40	0.04	0.00003068
1081.44	0.04	0.00030724
1081.48	0.04	0.00032845
1081.52	0.04	0.00013557
1081.56	0.04	0.00022234
1081.60	0.04	0.00071727
1081.64	0.04	0.00075603
1081.68	0.04	0.00052220
1081.72	0.04	0.00045073
1081.76	0.04	0.00088348
1081.80	0.04	0.00076046
1081.84	0.04	0.00111632
1081.88	0.04	0.00106803
1081.92	0.04	0.00060538
1081.96	0.04	0.00070154
1082.00	0.04	0.00072364
1082.04	0.04	0.00055557
1082.08	0.04	0.00039889
1082.12	0.04	0.00040462
1082.16	0.04	0.00037386
1082.20	0.04	0.00051340
1082.24	0.04	0.00048657
1082.28	0.04	0.00032963
1082.32	0.04	0.00047133
1082.36	0.04	0.00040931
1082.40	0.04	0.00036264
1082.44	0.04	0.00084721
1082.48	0.04	0.00119156
1082.52	0.04	0.00122646
1082.56	0.04	0.00097985
1082.60	0.04	0.00091181
1082.64	0.04	0.00050614
1082.68	0.04	0.00056072
1082.72	0.04	0.00057374
1082.76	0.04	0.00039454
1082.80	0.04	0.00032857
1082.84	0.04	0.00032166
1082.88	0.04	0.00032385
1082.92	0.04	0.00021461
1082.96	0.04	0.00016693
1083.00	0.04	0.00015880
1083.04	0.04	0.00021347
1083.08	0.04	0.00020524
1083.12	0.04	0.00016428
1083.16	0.04	0.00016602
1083.20	0.04	0.00013029
1083.24	0.04	0.00028880
1083.28	0.04	0.00028090
1083.32	0.04	0.00020800
1083.36	0.04	0.00019426
1083.40	0.04	0.00016204
1083.44	0.04	0.00018533
1083.48	0.04	0.00014527
1083.52	0.04	0.00016625
1083.56	0.04	0.00012257
1083.60	0.04	0.00017072
1083.64	0.04	0.00015600
1083.68	0.04	0.00009051
1083.72	0.04	0.00007716
1083.76	0.04	0.00007338
1083.80	0.04	0.00004323
1083.84	0.04	0.00005319
1083.88	0.04	0.00004145
1083.92	0.04	0.00002970
1083.96	0.04	0.00002834
1084.00	0.04	0.00002663
1084.04	0.04	0.00001072
1084.08	0.04	0.00000198
1084.12	0.04	0.00000001
1084.16	0.04	0.00000000
1084.20	0.04	0.00000000
1084.24	0.04	0.00000000
1084.28	0.04	0.00000000
1084.32	0.04	0.00000000
1084.36	0.04	0.00000000
1084.40	0.04	0.00000000
1084.44	0.04	0.00000000
1084.48	0.04	0.00000000
1084.52	0.04	0.00000000
1084.56	0.04	0.00000000
1084.60	0.04	0.00000000
1084.64	0.04	0.00000000
1084.68	0.04	0.00000000
1084.72	0.04	0.00000000
1084.76	0.04	0.00000000
1084.80	0.04	0.00000000
1084.84	0.04	0.00000000
1084.88	0.04	0.00000000
1084.92	0.04	0.00000000
1084.96	0.04	0.00000000
1085.00	0.04	0.00000000
1085.04	0.04	0.00000000
1085.08	0.04	0.00000000
1085.12	0.04	0.00000000
1085.16	0.04	0.00000000
1085.20	0.04	0.00000000
1085.24	0.04	0.00000000
1085.28	0.04	0.00000000
1085.32	0.04	0.00000000
1085.36	0.04	0.00000000
1085.40	0.04	0.00000000
1085.44	0.04	0.00000000
1085.48	0.04	0.00000000
1085.52	0.04	0.00000000
1085.56	0.04	0.00000000
1085.60	0.04	0.00000000
1085.64	0.04	0.00000000
1085.68	0.04	0.00000000
1085.72	0.04	0.00000000
1085.76	0.04	0.00000000
1085.80	0.04	0.00000000
1085.84	0.04	0.00000000
1085.88	0.04	0.00000000
1085.92	0.04	0.00000000
1085.96	0.04	0.00000000
1086.00	0.04	0.00000000
1086.04	0.04	0.00000000
1086.08	0.04	0.00000000
1086.12	0.04	0.00000000
1086.16	0.04	0.00000000
1086.20	0.04	0.00000000
1086.24	0.04	0.00000000
1086.28	0.04	0.00000000
1086.32	0.04	0.00000000
1086.36	0.04	0.00000000
1086.40	0.04	0.00000000
1086.44	0.04	0.00000000
1086.48	0.04	0.00000000
1086.52	0.04	0.00000000
1086.56	0.04	0.00000000
1086.60	0.04	0.00000000
1086.64	0.04	0.00000000
1086.68	0.04	0.00000000
1086.72	0.04	0.00000000
1086.76	0.04	0.00000000
1086.80	0.04	0.00000000
1086.84	0.04	0.00000000
1086.88	0.04	0.00000000
1086.92	0.04	0.00000000
1086.96	0.04	0.00000000
1087.00	0.04	0.00000000
1087.04	0.04	0.00000000
1087.08	0.04	0.00000000
1087.12	0.04	0.00000000
1087.16	0.04	0.00000000
1087.20	0.04	0.00000000
1087.24	0.04	0.00000000
1087.28	0.04	0.00000000
1087.32	0.04	0.00000000
1087.36	0.04	0.00000000
1087.40	0.04	0.00000000
1087.44	0.04	0.00000000
1087.48	0.04	0.00000000
1087.52	0.04	0.00000000
1087.56	0.04	0.00000000
1087.60	0.04	0.00000000
1087.64	0.04	0.00000000
1087.68	0.04	0.00000000
1087.72	0.04	0.00000000
1087.76	0.04	0.00000000
1087.80	0.04	0.00000000
1087.84	0.04	0.00000000
1087.88	0.04	0.00000000
1087.92	0.04	0.00000000
1087.96	0.04	0.00000000
1088.00	0.04	0.00000000
1088.04	0.04	0.00000000
1088.08	0.04	0.00000000
1088.12	0.04	0.00000000
1088.16	0.04	0.00000000
